187 196 339 321 304 230 227 311 244 278 357 257 269 368 272 252
278 278 295 404 355 327 257 339 256 331 321 334 374 297 411 315
393 365 448 449 477 379 388 494 403 409 470 340 435 476 416 414
279 259 384 331 348 288 274 405 294 311 352 227 384 439 365 293
360 422 368 492 497 353 352 413 321 430 424 351 423 445 477 412
345 355 415 455 406 368 310 395 349 294 426 331 420 397 388 329
332 354 471 536 451 377 359 442 368 411 466 405 463 415 512 354
279 301 363 357 309 262 308 313 312 253 314 201 354 384 346 255
351 288 359 381 363 296 305 413 308 289 405 222 345 404 296 289
346 295 356 421 364 325 320 388 304 286 404 272 345 356 407 252
371 288 350 442 362 385 351 416 367 305 415 299 381 404 394 305
282 297 285 370 364 244 328 352 257 311 354 265 316 301 320 333
349 351 398 449 428 344 349 395 371 327 464 354 344 423 355 343
277 189 406 334 271 291 226 321 290 214 353 283 319 336 306 218
377 376 436 482 477 361 355 508 408 413 490 344 439 483 440 375
272 280 317 374 390 367 281 396 320 326 395 286 332 401 377 296
