376 300 284 362 334 302 182 303 226 294 313 326 240 333 254 326
264 332 210 272 360 287 51 318 177 245 254 286 195 305 280 259
366 342 268 329 372 327 223 375 244 306 361 367 284 379 325 273
302 212 166 296 227 247 134 243 148 228 252 206 209 258 193 215
330 239 231 349 313 237 225 343 211 234 337 268 268 348 285 296
377 362 200 357 374 319 90 348 223 255 328 289 256 391 285 294
324 266 184 319 339 274 167 324 186 298 233 293 240 283 270 291
344 266 238 349 366 246 180 368 227 261 306 306 246 352 310 326
473 404 328 473 463 366 240 454 249 294 478 449 276 513 424 430
431 409 302 429 476 331 190 410 291 307 329 390 258 448 376 443
350 384 301 362 350 266 165 291 254 293 353 356 280 377 352 300
291 271 250 281 252 231 143 262 175 213 270 271 221 258 228 266
359 315 254 377 408 280 249 379 243 238 322 322 269 408 344 401
381 339 249 401 368 301 174 319 231 277 295 319 276 340 305 358
453 395 318 429 435 314 213 430 287 291 424 419 334 471 432 404
298 243 212 344 332 247 183 317 195 269 286 247 294 278 280 281
