0 0 0 0 0 0 0 0 0 0 0 0 0 0 0 0
0 0 0 0 0 0 0 0 0 0 0 0 0 0 0 0
0 0 0 0 0 0 0 0 0 0 4 0 0 4 0 0
0 0 0 16 0 0 0 49 0 0 0 0 0 0 0 48
0 0 0 0 0 72 0 56 0 0 45 0 0 0 0 0
0 0 0 0 0 0 0 63 0 0 0 48 18 0 54 0
0 0 0 0 0 0 0 7 0 0 0 0 0 0 0 0
0 24 0 0 0 0 0 0 0 0 0 0 72 0 0 0
0 21 0 27 0 0 0 0 0 0 4 0 63 0 0 0
0 0 0 0 0 0 42 0 0 0 0 24 0 0 0 0
0 0 0 0 0 0 0 0 0 0 0 0 0 0 0 0
12 0 0 0 0 0 0 0 0 0 0 0 0 0 24 0
0 0 0 0 0 0 42 0 0 0 5 0 0 0 0 0
0 0 0 0 0 0 0 0 0 0 0 0 0 0 0 0
0 0 0 0 0 0 7 0 0 0 0 54 0 0 0 0
0 0 0 8 0 0 0 0 0 0 0 0 0 0 0 24
