18 0 0 0 0 0 0 0 0 0 0 0 0 0 0 0
0 36 0 0 0 0 0 0 0 0 0 0 0 0 0 0
0 0 0 0 0 0 0 0 0 0 0 0 0 0 0 0
0 0 0 0 0 0 0 0 0 0 0 0 0 0 0 0
0 0 0 0 27 0 0 0 0 0 0 0 0 0 0 0
0 0 0 0 0 20 0 0 0 0 0 0 0 0 0 0
0 0 0 0 0 0 12 0 0 0 0 0 0 0 0 0
0 0 0 0 0 0 0 18 0 0 0 0 0 0 0 0
0 0 0 0 0 0 0 0 24 0 0 0 0 0 0 0
0 0 0 0 0 0 0 0 0 5 0 0 0 0 0 0
0 0 0 0 0 0 0 0 0 0 32 0 0 0 0 0
0 0 0 0 0 0 0 0 0 0 0 54 0 0 0 0
0 0 0 0 0 0 0 0 0 0 0 0 0 0 0 0
0 0 0 0 0 0 0 0 0 0 0 0 0 81 0 0
0 0 0 0 0 0 0 0 0 0 0 0 0 0 24 0
0 0 0 0 0 0 0 0 0 0 0 0 0 0 0 54
