376 245 272 246 269 304 286 258 248 337 318 275 344 231 308 340
306 282 157 197 252 196 223 223 228 219 199 228 271 176 212 230
494 372 300 363 358 372 313 297 347 380 401 415 440 284 380 420
291 248 190 201 204 211 261 183 197 226 250 189 238 163 214 202
344 283 240 231 268 230 267 237 261 339 281 291 313 174 218 263
413 320 228 323 365 389 375 297 339 341 331 381 316 232 332 368
436 326 226 308 335 334 311 259 296 313 326 335 414 321 347 361
438 376 309 366 343 374 309 329 321 354 442 391 349 247 394 420
421 264 242 294 310 297 279 277 256 289 338 264 379 284 297 335
399 250 259 248 251 284 247 215 238 285 273 245 277 196 264 299
457 320 267 282 321 354 317 230 311 372 277 343 381 227 319 352
465 427 233 354 407 383 352 324 417 368 388 425 454 333 391 420
471 307 335 323 366 395 365 326 326 394 431 373 454 346 369 429
428 289 262 246 340 307 272 314 323 362 289 324 437 282 302 369
495 336 258 298 342 369 339 330 338 350 289 367 409 239 349 383
329 271 213 236 284 323 181 262 271 253 271 357 291 216 321 382
