27 0 0 0 0 0 0 0 0 0 0 0 27 0 0 0
18 0 0 0 10 2 45 0 0 0 0 10 18 0 0 0
18 19 0 0 16 0 0 4 3 0 0 0 18 0 0 0
0 0 0 0 0 0 0 0 0 0 0 0 0 0 0 0
0 0 0 0 0 0 0 0 0 0 0 0 0 0 0 0
0 0 0 0 10 2 0 0 0 0 0 0 0 0 0 0
0 0 0 0 0 0 0 0 0 0 0 0 0 0 0 0
0 0 0 0 0 0 0 0 0 0 0 0 0 0 0 40
0 0 0 0 0 0 0 0 0 0 0 0 0 0 0 0
28 9 49 0 9 0 45 0 45 28 45 0 45 0 0 0
0 36 0 0 32 0 0 8 0 0 0 0 0 0 0 0
0 0 0 0 6 0 30 0 12 0 30 0 30 0 0 0
105 0 42 0 0 0 0 0 0 24 0 0 81 0 0 0
0 0 0 0 9 0 45 0 18 0 45 0 45 0 0 0
0 0 0 0 7 0 35 0 14 0 35 0 35 0 0 35
0 0 0 0 0 0 0 0 0 0 0 0 0 0 0 21
