0 0 0 0 0 0 0 0 0 0 0 54 42 0 0 0
0 0 0 21 0 0 16 0 63 0 0 0 0 0 0 0
0 0 0 27 0 0 0 0 81 36 0 0 0 0 12 0
0 0 0 24 0 0 0 0 0 24 0 0 0 0 0 0
0 0 0 0 0 0 0 0 0 0 0 0 0 0 0 0
0 0 0 4 0 0 0 0 0 4 0 0 0 0 0 0
0 0 0 0 0 0 0 0 0 9 0 0 0 0 0 0
0 0 0 0 0 0 0 0 0 0 0 0 0 21 0 0
0 0 0 0 0 0 0 0 0 0 0 0 0 21 0 0
0 0 0 0 0 0 2 0 0 0 0 0 56 0 0 0
0 0 0 6 0 0 0 0 0 9 0 0 0 0 0 0
0 0 0 0 0 0 0 0 0 0 0 0 0 0 0 0
0 0 0 8 0 0 12 6 4 35 0 0 32 30 0 0
0 0 0 0 0 0 0 81 0 0 0 0 94 0 0 0
0 0 0 10 0 0 0 0 0 0 0 0 64 0 0 0
0 0 0 0 0 0 0 0 0 0 0 0 0 0 0 0
