1164 1182 1268 1104 1395 1264 1195 1020 1103 1363 1538 1105 1201 1349 1176 1195 1277 1334 1180 1327 1183 1135 1136 1120 1267 1203 1195 1100 1126 1202 1367 1333 1183 1075 1141 1085 1391 1252 1482 1306 1218 998 1184 1226 1492 1127 1472 1336 1015 1089 1118 1078 1273 1215 1261 1070 1363 1285 1251 1166 1381 1403 1252 1241
1342 1326 1645 1343 1551 1458 1441 1180 1256 1503 1611 1390 1323 1566 1321 1225 1396 1387 1353 1394 1307 1193 1374 1248 1595 1358 1369 1270 1349 1144 1490 1497 1362 1402 1322 1376 1583 1448 1649 1569 1376 1108 1275 1420 1641 1314 1562 1642 1211 1397 1178 1332 1435 1453 1442 1279 1440 1340 1428 1359 1530 1685 1397 1271
1343 1281 1352 1076 1581 1344 1298 1236 1351 1508 1662 1304 1390 1357 1237 1369 1361 1342 1342 1410 1301 1159 1102 1093 1251 1410 1223 1112 1340 1077 1329 1418 1169 1299 1114 1419 1506 1316 1441 1510 1302 984 1174 1405 1506 1225 1397 1575 1214 1178 1210 1269 1429 1335 1433 1274 1400 1272 1366 1325 1289 1412 1233 1267
1402 1269 1423 1261 1554 1446 1282 1285 1323 1589 1457 1258 1288 1459 1373 1229 1235 1350 1334 1277 1400 1145 1357 1411 1391 1380 1376 1110 1283 1092 1459 1433 1316 1499 1172 1424 1445 1325 1414 1540 1402 1005 1138 1249 1641 1231 1401 1575 1163 1318 1161 1264 1421 1317 1484 1369 1397 1446 1361 1404 1318 1442 1346 1190
1292 1305 1496 1254 1590 1457 1387 1105 1302 1449 1611 1394 1298 1377 1237 1252 1261 1251 1297 1304 1286 1221 1230 1236 1261 1347 1210 1136 1271 1086 1429 1474 1341 1339 1116 1336 1434 1291 1475 1518 1367 966 1191 1353 1680 1220 1311 1589 1181 1301 1108 1416 1283 1423 1341 1232 1451 1278 1296 1424 1306 1470 1347 1160
1334 1364 1320 1123 1641 1352 1335 1219 1304 1548 1603 1267 1240 1474 1288 1228 1349 1443 1299 1341 1261 1213 1178 1187 1307 1391 1249 1115 1284 1151 1348 1443 1281 1392 1211 1319 1606 1339 1493 1473 1390 993 1187 1381 1619 1215 1430 1639 1153 1194 1309 1341 1356 1451 1429 1286 1531 1320 1283 1354 1260 1469 1351 1265
1314 1267 1404 1121 1582 1442 1233 1269 1289 1443 1458 1195 1382 1476 1334 1294 1385 1390 1421 1359 1274 1142 1313 1261 1429 1356 1433 1232 1205 1224 1390 1366 1336 1339 1257 1279 1516 1325 1545 1469 1315 1064 1281 1404 1604 1108 1560 1575 1168 1240 1349 1305 1296 1406 1435 1374 1551 1284 1251 1208 1389 1409 1432 1160
1344 1456 1517 1094 1719 1635 1439 1320 1359 1494 1633 1288 1317 1487 1331 1331 1435 1241 1429 1432 1254 1292 1405 1257 1525 1323 1402 1350 1349 1155 1427 1445 1346 1427 1378 1363 1453 1311 1590 1522 1563 1074 1144 1325 1719 1290 1557 1682 1146 1431 1343 1394 1289 1646 1509 1441 1542 1298 1435 1425 1514 1546 1371 1189
1168 1280 1331 971 1328 1358 1177 1313 1219 1304 1415 1171 1149 1361 1204 1230 1065 1240 1225 1331 1332 1149 1135 1126 1353 1135 1247 1117 1157 1140 1309 1231 1067 1184 1172 1207 1370 1210 1420 1355 1294 924 1064 1402 1342 1180 1292 1486 1081 1158 1086 1090 1242 1353 1283 1200 1293 1175 1241 1148 1305 1247 1130 999
1286 1184 1299 966 1610 1259 1286 1219 1104 1297 1466 1234 1160 1421 1162 1176 1345 1192 1260 1268 1244 1091 1212 1116 1092 1300 1208 1080 1235 1035 1315 1389 1203 1157 1046 1304 1443 1228 1435 1431 1245 976 1079 1287 1480 1088 1273 1381 1082 1153 1090 1336 1228 1238 1310 1139 1357 1163 1275 1234 1246 1320 1245 1186
1164 1305 1411 1124 1583 1300 1339 1119 1228 1409 1607 1262 1308 1314 1184 1214 1300 1382 1338 1466 1150 1217 1123 1248 1402 1285 1355 1261 1227 1171 1352 1528 1272 1277 1187 1314 1619 1226 1614 1494 1278 1017 1273 1245 1580 1140 1448 1444 1012 1208 1214 1147 1234 1244 1427 1254 1491 1296 1200 1338 1413 1384 1280 1151
1175 1160 1247 981 1579 1248 1304 1206 1158 1283 1504 1186 1162 1211 1190 1337 1325 1272 1309 1477 1156 1194 1129 1094 1271 1202 1257 1170 1154 1086 1362 1394 1234 1288 1191 1191 1386 1187 1439 1283 1280 1012 1132 1325 1531 1150 1419 1449 1028 1030 1175 1177 1247 1302 1347 1227 1387 1116 1341 1263 1363 1191 1341 1111
1141 1132 1340 1048 1372 1292 1228 1195 1091 1240 1399 1173 1338 1335 1149 1152 1176 1240 1139 1167 1265 1036 1113 1179 1247 1234 1222 1148 1169 1104 1369 1340 1176 1292 1247 1061 1451 1184 1379 1408 1193 999 1058 1206 1528 1077 1344 1292 956 1216 986 1074 1258 1310 1287 1110 1266 1160 1248 1212 1264 1430 1312 1094
1221 1251 1360 1143 1563 1351 1249 1246 1262 1471 1387 1191 1259 1349 1303 1268 1361 1308 1266 1371 1383 1107 1279 1337 1435 1350 1394 1089 1231 1018 1464 1460 1372 1469 1224 1332 1450 1281 1376 1468 1447 991 1132 1315 1567 1193 1348 1411 1186 1209 1202 1285 1366 1439 1464 1302 1402 1326 1483 1232 1488 1352 1367 1112
1180 1215 1306 1047 1452 1281 1223 1144 1130 1380 1447 1251 1215 1256 1196 1198 1239 1252 1120 1155 1274 1196 1130 1157 1241 1181 1268 1080 1174 1187 1327 1444 1136 1270 1017 1222 1344 1319 1374 1547 1262 1008 1189 1308 1533 1172 1358 1478 1139 1133 962 1263 1251 1266 1271 1241 1363 1170 1174 1173 1315 1196 1242 1159
1424 1248 1433 1168 1515 1343 1282 1227 1240 1407 1477 1254 1228 1471 1359 1181 1304 1466 1234 1152 1288 1151 1140 1127 1310 1213 1422 1064 1170 1245 1429 1366 1125 1223 1335 1193 1386 1256 1607 1404 1331 1014 1206 1405 1596 1297 1565 1511 1154 1188 1112 1384 1354 1287 1367 1310 1398 1337 1372 1220 1380 1343 1250 1332
1376 1367 1333 1141 1567 1281 1387 1267 1223 1492 1330 1315 1316 1405 1357 1260 1258 1430 1291 1348 1305 1052 1277 1280 1338 1311 1289 1275 1281 1177 1432 1508 1346 1270 1218 1301 1535 1197 1352 1452 1393 1056 1097 1344 1559 1277 1389 1440 1108 1197 1116 1242 1359 1271 1571 1220 1463 1367 1313 1261 1349 1442 1230 1219
1367 1376 1470 1124 1882 1585 1401 1403 1492 1595 1597 1443 1567 1529 1319 1265 1497 1663 1533 1444 1315 1354 1418 1388 1575 1487 1553 1350 1360 1272 1482 1628 1403 1405 1352 1550 1644 1510 1750 1657 1615 1255 1205 1516 1731 1486 1706 1766 1309 1453 1452 1395 1528 1523 1594 1563 1668 1507 1520 1271 1606 1485 1447 1429
1277 1236 1318 1092 1416 1259 1321 1104 1208 1315 1433 1059 1138 1451 1242 1220 1134 1160 1378 1315 1058 1062 1171 1065 1260 1175 1207 1201 1108 1097 1245 1233 1070 1264 1235 1261 1243 1170 1447 1225 1179 942 931 1236 1564 1176 1456 1444 1053 1207 1292 1242 1170 1301 1264 1221 1228 1148 1291 1223 1344 1326 1293 1140
1283 1424 1474 1117 1598 1272 1476 1256 1266 1575 1553 1263 1327 1484 1399 1452 1406 1396 1269 1513 1404 1117 1221 1223 1364 1316 1304 1261 1411 1247 1435 1569 1263 1430 1298 1302 1476 1229 1537 1413 1390 949 1242 1443 1530 1270 1513 1487 1193 1072 1230 1281 1380 1428 1463 1327 1439 1415 1362 1414 1447 1398 1351 1262
1045 1169 1234 974 1328 1292 1132 1011 1044 1204 1334 1135 1194 1175 1079 1040 1028 1116 1197 1040 1102 1034 1004 972 1053 1041 1110 1032 1056 1047 1135 1256 967 1078 1005 1153 1312 1057 1321 1368 1133 867 1011 1144 1283 1159 1251 1266 1012 1075 941 1072 1141 1018 1130 1012 1274 1054 1120 1142 1186 1098 1057 1188
1249 1242 1302 1031 1494 1328 1270 1248 1189 1334 1439 1298 1321 1383 1318 1115 1268 1287 1279 1151 1316 1215 1154 1111 1238 1221 1248 1135 1258 1125 1250 1420 1283 1270 1186 1261 1377 1282 1387 1411 1481 979 1070 1317 1517 1209 1358 1438 1089 1185 1125 1271 1400 1282 1370 1256 1378 1304 1286 1224 1138 1270 1307 1185
1220 1153 1328 1005 1513 1209 1222 1012 1129 1346 1331 1096 1271 1249 1169 1231 1212 1240 1154 1154 1214 1052 1112 1224 1334 1074 1306 1044 1179 1153 1206 1264 1132 1177 1116 1211 1379 1075 1419 1187 1307 1013 985 1168 1449 994 1351 1444 1087 1159 1116 1148 1149 1377 1145 1280 1404 1309 1301 1090 1281 1231 1291 1084
1417 1403 1433 1211 1671 1499 1455 1382 1377 1617 1651 1317 1435 1625 1422 1330 1413 1508 1325 1429 1437 1291 1396 1318 1427 1453 1536 1369 1431 1365 1564 1668 1202 1393 1365 1303 1657 1309 1661 1549 1444 1008 1144 1505 1771 1425 1627 1652 1229 1347 1259 1499 1396 1561 1547 1468 1547 1418 1437 1510 1596 1534 1348 1366
1300 1191 1363 1162 1494 1223 1209 1091 1178 1302 1491 1257 1267 1363 1144 1120 1218 1334 1144 1119 1242 1091 1156 1163 1248 1244 1248 1100 1149 1038 1261 1261 1181 1121 1155 1186 1468 1209 1481 1422 1248 1051 1069 1316 1474 1137 1460 1489 1033 1162 1037 1224 1233 1257 1175 1140 1413 1223 1273 1229 1297 1395 1264 1277
1386 1482 1671 1317 1668 1413 1337 1280 1318 1481 1556 1436 1415 1680 1415 1381 1413 1564 1342 1512 1354 1224 1264 1312 1445 1367 1422 1323 1385 1259 1549 1519 1316 1503 1450 1457 1565 1418 1738 1530 1593 1005 1412 1535 1769 1388 1531 1596 1230 1342 1228 1339 1319 1358 1658 1309 1319 1376 1616 1393 1562 1467 1409 1254
1117 1142 1103 938 1327 1245 1166 1057 1124 1215 1304 1148 1055 1317 1050 1122 1189 1240 1198 1109 1077 1015 1082 997 1164 1120 1188 948 1143 1033 1130 1296 1138 1153 1165 1089 1294 1127 1324 1313 1134 958 1073 1156 1354 1070 1345 1220 981 1056 1185 1041 1203 1312 1229 1225 1342 1122 1147 1123 1163 1260 1166 1033
1208 1198 1244 941 1460 1201 1102 974 1115 1266 1525 1167 1105 1128 1080 979 1058 1187 1125 1146 1147 1027 1056 1096 1208 1277 1147 1030 1050 972 1155 1292 1266 1185 974 1172 1314 1161 1407 1240 1230 771 992 1147 1464 1037 1230 1376 966 1182 1045 1200 1253 1258 1254 1124 1273 1225 1226 1273 1135 1252 1238 1099
1127 1071 1263 876 1421 1176 1031 1202 1127 1256 1298 1005 1268 1223 1144 1208 1161 1176 1147 1200 1053 924 1098 1040 1093 1125 1079 1043 1109 989 1226 1158 1004 1179 1055 1034 1284 1040 1323 1233 1222 762 1018 1234 1343 1030 1328 1351 1015 995 1151 1153 1052 1167 1331 1221 1181 1095 1177 1141 1223 1065 1133 935
1356 1190 1405 1092 1614 1435 1293 1323 1225 1410 1551 1301 1289 1474 1221 1299 1268 1337 1375 1265 1331 1169 1272 1200 1329 1302 1341 1206 1275 1140 1424 1462 1225 1337 1317 1344 1395 1320 1443 1421 1288 1038 1082 1308 1543 1214 1414 1483 1179 1323 1185 1426 1404 1481 1352 1367 1281 1271 1322 1241 1379 1418 1296 1122
1331 1221 1487 1278 1544 1460 1487 1256 1319 1496 1605 1395 1394 1449 1351 1331 1346 1322 1512 1362 1374 1239 1260 1289 1342 1411 1314 1148 1299 1293 1468 1519 1416 1441 1277 1424 1541 1333 1530 1500 1421 1080 1253 1355 1808 1335 1436 1523 1101 1310 1201 1346 1450 1414 1434 1334 1511 1382 1405 1399 1311 1454 1431 1261
1291 1173 1248 1154 1437 1310 1173 1181 1189 1418 1497 1299 1332 1477 1240 1157 1230 1398 1091 1232 1245 1089 1145 1136 1277 1267 1184 1150 1253 1178 1262 1342 1140 1237 1247 1217 1322 1215 1423 1421 1176 856 1062 1277 1590 1246 1419 1515 1117 1312 1099 1301 1222 1326 1330 1320 1331 1229 1267 1357 1354 1397 1245 1186
1095 1101 1403 1067 1351 1281 1144 1156 1102 1306 1512 1210 1140 1222 1119 1124 1285 1275 1133 1262 1210 996 1079 1155 1255 1270 1195 1050 1152 961 1382 1201 1207 1218 1080 1095 1398 1266 1313 1356 1261 890 1142 1177 1415 1031 1247 1362 1085 1072 1114 1090 1205 1174 1286 1048 1282 1182 1189 1198 1202 1412 1213 977
1242 1259 1386 1029 1584 1314 1269 1174 1256 1366 1618 1199 1239 1296 1203 1243 1247 1299 1260 1330 1257 1103 1170 1110 1227 1268 1243 1151 1321 1091 1393 1421 1150 1152 1144 1216 1439 1175 1491 1344 1353 988 1049 1327 1504 1215 1390 1408 1134 1197 1022 1311 1361 1373 1301 1256 1371 1369 1277 1273 1364 1358 1157 1168
1102 1308 1413 1024 1435 1245 1208 1265 1270 1263 1386 1000 1148 1224 1245 1166 1190 1226 1320 1176 1138 994 1029 1114 1220 1020 1227 1173 1162 1078 1323 1144 1047 1235 1140 1161 1354 1158 1320 1276 1370 924 1027 1268 1474 1139 1271 1426 1062 1042 1114 1078 1218 1189 1108 1084 1210 1209 1234 1137 1235 1204 1175 1146
1315 1193 1341 1030 1649 1473 1284 1179 1268 1418 1507 1215 1351 1316 1259 1191 1293 1262 1326 1291 1234 1216 1325 1195 1406 1415 1477 1177 1202 1087 1288 1441 1265 1219 1183 1296 1364 1221 1588 1440 1327 1056 1036 1281 1546 1247 1513 1561 1109 1334 1259 1309 1301 1429 1419 1393 1645 1312 1384 1269 1455 1390 1247 1207
1351 1406 1456 1130 1535 1363 1391 1226 1195 1423 1484 1198 1243 1566 1301 1214 1343 1242 1258 1342 1400 1100 1203 1284 1296 1262 1258 1037 1327 1091 1407 1345 1209 1463 1239 1292 1373 1209 1433 1448 1340 985 1144 1261 1602 1128 1441 1372 1104 1225 1204 1274 1273 1341 1469 1128 1278 1245 1316 1342 1277 1399 1320 1147
1263 1331 1418 1086 1534 1166 1350 1119 1259 1314 1475 1185 1172 1347 1285 1295 1281 1190 1287 1334 1150 1067 1168 1063 1246 1121 1210 1227 1272 1044 1307 1393 1253 1221 1163 1387 1350 1221 1525 1312 1379 937 1140 1311 1466 1114 1360 1435 1078 1092 1043 1229 1355 1285 1233 1204 1323 1223 1284 1303 1335 1396 1240 1260
1187 966 1249 888 1421 1154 1145 1161 1075 1170 1316 944 1205 1184 1145 1176 983 1020 1198 1156 1122 913 1087 1094 1096 1029 1129 980 1119 1053 1240 1215 1067 1177 1022 1143 1187 1047 1256 1191 1253 870 984 1184 1444 1014 1281 1252 947 1163 908 1133 1171 1241 1236 1119 1245 1189 1207 1139 1169 1052 1124 887
1350 1390 1656 1219 1641 1563 1469 1387 1301 1464 1621 1397 1498 1522 1468 1315 1363 1325 1415 1484 1409 1291 1392 1321 1420 1346 1430 1320 1459 1221 1495 1532 1427 1510 1341 1384 1589 1377 1639 1595 1483 1008 1350 1295 1769 1332 1602 1580 1228 1373 1265 1323 1398 1338 1604 1452 1533 1418 1372 1457 1370 1447 1509 1305
1145 1096 1307 940 1353 1139 1214 1081 1066 1392 1457 1185 1075 1114 933 1064 1204 1208 1147 1215 1180 1033 1072 1144 1278 1173 1144 1034 1148 1041 1314 1328 1194 1227 1054 1133 1303 1094 1519 1188 1214 933 982 1264 1257 1188 1263 1361 1069 1122 1106 1190 1236 1302 1187 1236 1225 1212 1151 1053 1297 1277 1076 1090
1149 1233 1409 1047 1476 1331 1290 1046 1103 1255 1391 1117 1165 1413 1206 1070 1154 1235 1190 1174 1148 1102 1173 1050 1112 1134 1079 1081 1060 1083 1302 1176 1109 1067 1125 1085 1352 1118 1341 1221 1280 863 1015 1171 1494 1230 1352 1289 972 1129 1076 1282 1092 1253 1272 1053 1161 1163 1292 1179 1235 1240 1220 1136
1164 1186 1392 1088 1459 1317 1269 1077 1057 1331 1394 1162 1375 1267 1321 1191 1123 1233 1214 1100 1112 1014 1027 1085 1264 1294 1138 1093 1059 1275 1268 1279 1159 1248 1187 1145 1375 1186 1309 1175 1339 896 1130 1161 1571 1141 1282 1454 1154 1104 1096 1243 1283 1278 1376 1116 1406 1218 1343 1205 1196 1271 1281 1102
1267 1217 1377 1063 1551 1375 1172 1098 1084 1416 1470 1221 1259 1552 1111 1170 1261 1386 1222 1206 1304 1215 1230 1191 1299 1240 1233 1089 1209 1184 1290 1368 1081 1210 1199 1182 1386 1252 1565 1355 1358 851 1155 1306 1467 1250 1426 1545 1189 1254 1121 1447 1128 1286 1432 1197 1159 1187 1341 1190 1418 1256 1187 1092
1325 1209 1365 1019 1592 1278 1284 1222 1136 1492 1553 1144 1170 1223 1290 1254 1342 1184 1244 1372 1287 1096 1209 1141 1315 1221 1297 1162 1208 1100 1384 1354 1144 1195 1102 1160 1402 1140 1429 1379 1213 1035 1168 1236 1319 1154 1505 1467 1028 1081 1128 1234 1301 1316 1300 1292 1537 1318 1232 1170 1330 1342 1177 1221
1237 1157 1263 927 1449 1246 1180 1014 1001 1359 1356 986 1160 1270 1230 1149 1167 1171 1039 1131 1195 1033 1054 1023 1175 1132 1166 956 1237 989 1211 1283 936 1253 1164 1136 1200 1036 1303 1223 1174 840 954 1125 1371 962 1241 1304 1063 1084 1049 1367 1159 1192 1152 1214 1258 1141 1192 1178 1224 1169 1102 1010
1165 1374 1313 1025 1400 1288 1276 1172 1179 1418 1445 1159 1162 1314 1295 1145 1178 1267 1206 1184 1113 1053 1152 1090 1234 1186 1162 1217 1190 1201 1221 1266 1138 1212 1124 1208 1380 1184 1386 1358 1291 928 1023 1240 1397 1273 1429 1471 1161 1115 1125 1172 1335 1203 1302 1214 1340 1291 1181 1204 1275 1277 1209 1347
1345 1300 1620 1182 1580 1362 1506 1353 1225 1358 1685 1478 1434 1573 1326 1356 1433 1324 1476 1301 1355 1157 1252 1267 1429 1363 1372 1253 1386 1278 1366 1623 1369 1413 1311 1433 1575 1402 1775 1527 1499 1064 1252 1497 1725 1192 1461 1587 1270 1419 1173 1317 1401 1502 1404 1363 1510 1389 1410 1379 1245 1508 1474 1157
1400 1402 1518 1250 1566 1400 1454 1258 1204 1508 1578 1392 1270 1317 1252 1243 1373 1507 1384 1305 1342 1130 1296 1363 1461 1357 1387 1224 1197 1221 1545 1506 1470 1315 1286 1299 1546 1344 1599 1485 1517 1095 1218 1359 1587 1313 1405 1526 1146 1268 1218 1305 1379 1351 1504 1207 1525 1361 1363 1325 1489 1561 1278 1232
1238 1273 1472 1127 1488 1388 1436 1130 1223 1438 1538 1273 1278 1325 1244 1215 1356 1448 1351 1158 1231 1027 1211 1151 1323 1336 1284 1049 1195 1259 1431 1473 1317 1290 1140 1303 1491 1373 1530 1379 1444 1003 1197 1413 1537 1272 1343 1406 1158 1204 1207 1292 1430 1293 1354 1121 1370 1274 1365 1301 1368 1397 1325 1279
1237 1337 1534 1188 1626 1464 1271 1362 1295 1514 1665 1341 1386 1343 1383 1295 1395 1370 1258 1462 1352 1203 1159 1169 1463 1474 1292 1344 1134 1082 1534 1393 1369 1387 1356 1281 1550 1366 1577 1688 1412 1097 1338 1507 1549 1238 1563 1623 1000 1325 1144 1254 1390 1445 1477 1274 1552 1354 1320 1262 1470 1535 1423 1224
1201 1199 1333 1195 1499 1321 1329 1225 1218 1435 1405 1298 1295 1544 1191 1236 1285 1309 1363 1308 1197 1105 1330 1200 1378 1331 1360 1168 1253 1183 1360 1462 1244 1282 1222 1301 1581 1300 1493 1468 1268 955 1171 1247 1562 1233 1381 1500 1174 1276 1119 1258 1283 1305 1424 1237 1333 1250 1328 1198 1468 1435 1304 1182
1344 1195 1408 982 1583 1342 1376 1063 1157 1403 1518 1325 1209 1244 1275 1194 1313 1349 1283 1259 1144 1150 1173 1166 1263 1304 1229 1148 1175 1178 1374 1391 1227 1216 1099 1160 1328 1086 1444 1343 1176 988 1164 1322 1499 1177 1388 1398 1037 1172 1162 1302 1308 1312 1361 1229 1369 1211 1276 1305 1223 1281 1305 1197
1173 1329 1391 1129 1359 1382 1401 1189 1214 1357 1399 1264 1116 1421 1174 1284 1143 1406 1383 1347 1168 1161 1167 1186 1298 1205 1189 1160 1176 1221 1387 1442 1282 1315 1247 1357 1375 1267 1543 1352 1337 1045 1232 1365 1579 1292 1392 1389 1153 1048 1188 1131 1341 1429 1312 1148 1325 1241 1165 1292 1348 1320 1239 1101
1163 1276 1314 1164 1436 1200 1251 1225 1155 1379 1310 1171 1178 1370 1216 1178 1169 1271 1213 1303 1152 1054 1158 1167 1246 1138 1105 1151 1103 1025 1307 1287 1144 1299 1164 1271 1294 1195 1277 1385 1229 1076 1106 1116 1387 1280 1461 1394 986 991 1046 1059 1317 1238 1351 1222 1240 1224 1208 1154 1305 1369 1167 1142
1427 1231 1419 1027 1427 1263 1362 1261 1242 1301 1427 1196 1210 1364 1168 1221 1114 1178 1296 1194 1191 1014 1264 1098 1229 1226 1282 1065 1187 1176 1338 1335 1202 1274 1074 1206 1297 1220 1418 1344 1279 1011 1152 1189 1558 1220 1478 1391 1130 1130 1070 1225 1326 1283 1386 1194 1405 1236 1130 1215 1255 1359 1121 1180
1262 1321 1461 1071 1550 1364 1455 1352 1382 1439 1504 1321 1333 1397 1372 1271 1296 1392 1254 1447 1294 1158 1239 1169 1408 1347 1341 1252 1318 1209 1542 1448 1288 1336 1206 1395 1558 1451 1402 1505 1485 1081 1230 1439 1631 1292 1542 1558 1128 1208 1223 1215 1416 1458 1498 1368 1441 1363 1283 1253 1395 1405 1361 1245
1511 1453 1732 1274 1654 1515 1525 1370 1360 1605 1765 1396 1427 1517 1479 1428 1429 1519 1447 1308 1409 1117 1348 1404 1546 1469 1498 1326 1447 1403 1667 1652 1369 1437 1282 1550 1596 1528 1849 1590 1610 1167 1277 1621 1808 1400 1623 1757 1449 1370 1226 1448 1629 1532 1518 1394 1532 1646 1537 1461 1573 1591 1450 1438
1262 1308 1440 1047 1618 1430 1361 1257 1127 1343 1494 1111 1236 1337 1345 1187 1244 1150 1380 1301 1135 1125 1194 1154 1300 1304 1257 1142 1087 1153 1319 1266 1296 1239 1255 1296 1316 1287 1534 1443 1444 944 1194 1292 1460 1145 1454 1478 1063 1306 1231 1338 1240 1249 1454 1085 1411 1192 1301 1195 1363 1232 1367 1132
1159 1339 1342 1144 1474 1328 1319 1028 1226 1257 1336 1326 1204 1385 1188 1248 1208 1343 1222 1169 1118 1081 1186 1060 1258 1294 1202 1027 1149 1021 1203 1310 1165 1127 1124 1350 1292 1315 1382 1411 1372 902 1116 1285 1444 1091 1347 1446 1115 1049 1098 1100 1245 1276 1345 1125 1374 1172 1270 1239 1185 1375 1294 1096
1451 1351 1470 1258 1712 1508 1387 1420 1358 1584 1607 1325 1447 1503 1391 1414 1371 1534 1493 1459 1418 1172 1337 1283 1355 1487 1426 1256 1325 1287 1561 1513 1342 1395 1378 1385 1643 1375 1602 1556 1483 1051 1325 1520 1784 1287 1485 1593 1197 1299 1266 1425 1453 1478 1628 1361 1532 1415 1434 1429 1531 1431 1492 1227
1361 1362 1388 1151 1512 1389 1328 1276 1318 1438 1486 1250 1265 1579 1311 1132 1182 1396 1366 1245 1252 1161 1200 1161 1299 1293 1359 1175 1281 1203 1383 1342 1386 1521 1377 1321 1518 1330 1497 1478 1510 973 1238 1242 1654 1247 1371 1491 1106 1322 1251 1336 1389 1275 1516 1212 1377 1202 1270 1420 1439 1484 1285 1211
1300 1261 1487 1085 1573 1335 1427 1267 1301 1389 1534 1233 1180 1304 1210 1189 1260 1268 1273 1300 1202 1075 1164 1143 1418 1174 1388 1226 1220 1060 1435 1410 1162 1236 1194 1407 1373 1173 1567 1379 1470 1020 1056 1359 1540 1175 1436 1404 1187 1273 1107 1320 1347 1449 1343 1259 1339 1270 1263 1327 1384 1431 1145 1144
1330 1404 1573 1127 1582 1436 1454 1407 1428 1459 1561 1358 1470 1404 1365 1280 1370 1487 1361 1270 1322 1128 1254 1313 1458 1260 1389 1262 1345 1245 1415 1523 1387 1484 1337 1427 1572 1332 1611 1619 1519 1087 1198 1462 1722 1371 1546 1549 1139 1336 1184 1344 1434 1418 1369 1495 1551 1375 1396 1407 1395 1456 1352 1356
