1308 1353 1170 1184 1097 1287 1168 1041 1238 1241 1089 1282 1351 1294 1171 1030 1482 1105 1206 1375 1295 1338 1162 1133 1111 1109 1153 1139 1096 1014 1307 1148 1389 1349 1243 1043 1081 1279 1204 1252 975 1288 1188 1384 1202 1082 1300 1142 1375 1205 1075 1218 1478 1284 1261 1271 1287 1141 1195 1191 1271 1347 1332 1033
1396 1321 1182 1140 1088 1414 1030 1210 1301 1184 1082 1212 1258 1259 1133 1159 1352 981 1181 1332 1452 1421 1340 1185 1288 1113 1076 1220 996 1114 1441 1169 1290 1270 1128 1096 1103 1155 1273 1284 1111 1452 1307 1325 1160 1146 1321 1115 1377 1216 1047 1296 1490 1300 1394 1298 1269 1055 1226 1281 1161 1519 1369 1128
1267 1345 1246 1164 1101 1380 999 1142 1207 1114 1127 1295 1216 1284 1121 1016 1436 1047 1115 1279 1369 1310 1252 1210 1109 1081 1193 1157 1090 1076 1262 1118 1217 1268 1221 1042 1145 1114 1162 1221 1060 1412 1313 1227 1146 1189 1301 1118 1233 1254 1034 1268 1368 1331 1481 1117 1334 1026 1090 1210 1157 1430 1387 1100
1585 1324 1345 1210 1192 1646 1253 1198 1549 1393 1167 1319 1440 1395 1446 1184 1591 1244 1315 1482 1582 1542 1382 1526 1212 1331 1278 1324 1139 1322 1500 1332 1361 1468 1499 1084 1243 1339 1405 1346 1141 1444 1456 1414 1168 1283 1493 1221 1442 1300 1285 1332 1615 1572 1427 1473 1410 1249 1341 1434 1471 1536 1490 1179
1407 1374 1220 1167 1066 1505 1176 1142 1304 1320 1215 1242 1411 1318 1253 1082 1671 1168 1241 1351 1602 1343 1299 1296 1172 1075 1199 1261 1041 1159 1438 1210 1213 1432 1466 1074 1314 1228 1279 1282 1152 1478 1320 1304 1253 1203 1274 1152 1285 1393 1111 1278 1426 1306 1450 1347 1394 1219 1384 1387 1341 1601 1340 1133
1534 1304 1222 1127 1183 1367 1083 1199 1366 1341 1185 1293 1463 1325 1240 1206 1580 1161 1365 1329 1611 1368 1419 1426 1284 1141 1218 1308 1109 1138 1367 1195 1350 1500 1273 1150 1231 1273 1375 1231 1210 1448 1371 1358 1296 1236 1298 1149 1397 1245 1204 1329 1561 1503 1575 1469 1300 1098 1417 1391 1296 1617 1301 1103
1319 1139 1007 971 941 1236 945 953 1046 1238 1038 1053 1118 1116 1143 997 1426 899 1082 1115 1410 1231 1131 1054 1070 956 1043 1059 835 1033 1247 1076 1030 1190 1255 1032 1065 1030 1133 1060 1053 1362 1077 1148 1013 1093 1182 948 1204 1239 879 1143 1268 1126 1233 1248 1216 915 1202 1151 1056 1381 1205 944
1650 1502 1338 1320 1278 1544 1324 1319 1399 1432 1287 1439 1406 1470 1671 1411 1760 1072 1408 1573 1736 1575 1539 1416 1395 1306 1355 1447 1079 1375 1628 1432 1453 1601 1538 1209 1386 1365 1504 1400 1368 1578 1400 1594 1324 1384 1525 1292 1604 1356 1213 1442 1509 1584 1471 1623 1531 1298 1423 1439 1385 1754 1487 1231
1412 1281 1222 1225 1160 1433 1096 1136 1329 1217 1116 1366 1358 1428 1202 1080 1438 1048 1189 1447 1487 1538 1367 1309 1273 1145 1228 1110 1117 1037 1425 1145 1397 1453 1346 1203 1050 1205 1351 1368 1233 1458 1253 1444 1250 1191 1356 1115 1418 1197 1124 1292 1691 1398 1488 1410 1423 1080 1272 1412 1208 1461 1497 1115
1273 1121 1202 1128 1061 1219 1077 1063 1134 1132 1076 1249 1267 1209 1200 929 1405 970 1094 1240 1423 1118 1228 1045 1081 1075 1096 1119 996 1095 1263 1144 983 1307 1323 938 1070 1215 1268 1164 1003 1315 1187 1273 1023 901 1152 1026 1139 919 904 1011 1392 1224 1213 1063 1204 1088 1247 1150 1088 1396 1162 993
1234 1219 1264 1139 1186 1232 1187 1111 1162 1278 1119 1419 1320 1197 1383 996 1568 1096 1095 1302 1454 1387 1286 1187 1115 1145 1219 1135 1040 1131 1391 1213 1227 1331 1222 868 1107 1330 1342 1131 1095 1330 1210 1308 1200 931 1254 1027 1321 1136 973 1153 1472 1352 1319 1310 1233 1080 1307 1288 1247 1453 1378 1162
1479 1397 1249 1241 1203 1503 1284 1174 1422 1411 1080 1331 1300 1302 1299 1107 1571 1198 1285 1411 1501 1341 1362 1328 1130 1217 1129 1194 1132 1219 1412 1331 1244 1467 1393 1187 1177 1289 1345 1344 1145 1465 1425 1510 1267 1178 1461 1164 1503 1240 1067 1348 1485 1346 1400 1445 1414 1184 1252 1456 1366 1584 1452 1085
1449 1328 1389 1121 1082 1487 1135 1145 1340 1339 1108 1455 1425 1378 1193 1166 1573 1228 1234 1194 1472 1384 1319 1350 1230 1219 1282 1247 1121 1276 1305 1216 1358 1447 1325 1053 1192 1317 1351 1218 1158 1376 1324 1425 1267 1276 1459 1172 1446 1144 1094 1350 1479 1395 1508 1462 1491 1165 1203 1304 1290 1611 1389 1138
1415 1245 1120 1097 1109 1435 1117 1068 1351 1308 1242 1271 1352 1332 1339 1002 1607 1063 1189 1389 1641 1335 1229 1315 1281 1102 1175 1180 964 1080 1369 1183 1060 1461 1467 1038 1109 1234 1411 1303 1175 1442 1306 1362 1217 1145 1260 1090 1292 1207 1054 1250 1433 1394 1352 1375 1340 1213 1313 1225 1242 1555 1253 1175
1336 1225 1082 1104 1034 1260 975 1077 1195 1103 1048 1270 1141 1130 1180 1037 1429 1048 1203 1390 1364 1265 1252 1150 1127 1080 1104 1132 1089 1124 1436 1051 1128 1307 1216 1043 1099 1096 1295 1187 1115 1457 1250 1163 1137 925 1178 1099 1236 1197 1040 1092 1377 1201 1294 1228 1305 950 1265 1273 1231 1313 1184 1114
1509 1367 1234 1267 1118 1537 1083 982 1413 1274 1168 1354 1399 1360 1289 1109 1523 1265 1169 1351 1470 1353 1216 1358 1121 1153 1213 1202 1161 1065 1386 1221 1162 1467 1388 1126 1152 1261 1264 1263 1109 1426 1324 1313 1164 1128 1277 1020 1312 1104 1020 1277 1485 1373 1426 1469 1413 1225 1331 1276 1256 1431 1426 1127
1247 1143 1147 971 962 1243 1096 981 1260 1163 1013 1191 1249 1127 1169 919 1335 1059 1209 1365 1393 1319 1139 1252 1046 1098 1075 1100 1008 1074 1233 1049 1176 1278 1201 1024 981 990 1283 1141 962 1161 1273 1287 1068 1047 1232 1091 1365 1109 1057 1257 1343 1347 1315 1182 1224 1048 1151 1299 1187 1362 1253 1102
1239 1251 1210 1017 1008 1233 1158 1072 1120 1053 936 1174 1133 1078 1188 1073 1392 1053 1019 1261 1402 1102 1085 1090 1093 940 1181 1174 924 1098 1257 1228 994 1229 1208 842 1010 1113 1176 1136 1114 1370 1265 1221 1118 996 1310 1005 1227 1079 1037 1142 1356 1174 1267 1166 1191 1034 1156 1219 1246 1384 1239 984
1463 1346 1371 1280 1062 1472 1160 1142 1400 1212 1113 1400 1312 1271 1355 1074 1465 1241 1238 1422 1539 1330 1314 1215 1162 1078 1243 1155 1036 1209 1423 1335 1289 1412 1313 1017 1086 1172 1329 1141 1135 1455 1393 1336 1227 1077 1440 1120 1351 1194 1066 1368 1520 1283 1487 1385 1315 1105 1313 1342 1328 1522 1322 1185
1378 1377 1216 1230 1203 1461 1261 1055 1294 1265 1086 1219 1292 1290 1273 1144 1358 1110 1122 1381 1383 1401 1308 1214 1101 1189 1126 1138 1126 1062 1399 1212 1195 1340 1273 1119 1184 1232 1143 1279 1127 1410 1311 1282 1103 1131 1387 1110 1362 1174 1073 1216 1539 1288 1418 1362 1344 1195 1284 1237 1367 1538 1468 1052
1563 1415 1350 1244 1301 1578 1122 1236 1410 1272 1367 1559 1478 1463 1190 1153 1625 1296 1324 1433 1505 1560 1293 1313 1265 1162 1204 1392 1210 1265 1522 1284 1515 1507 1321 1310 1257 1357 1496 1371 1258 1603 1439 1508 1129 1252 1438 1259 1460 1183 1245 1316 1583 1530 1546 1431 1526 1280 1420 1433 1290 1696 1555 1131
1194 1064 1026 985 1024 1174 914 1073 1163 1045 1028 1083 1140 1120 1074 955 1155 905 1066 1277 1232 1260 1184 1203 1057 1181 1009 1050 960 1001 1147 1017 1093 1120 1063 910 1077 1011 1214 981 929 1146 1142 1150 972 1049 1112 1078 1121 1046 1039 1143 1202 1306 1259 1118 1111 962 1124 1121 1092 1310 1119 1079
1321 1149 1095 1012 1018 1345 970 1027 1224 1037 1048 1186 1052 1102 1182 1047 1455 993 1130 1218 1382 1103 1011 1109 1079 1025 1166 1098 1024 1086 1143 1134 1216 1223 1142 941 1097 1036 1134 1029 965 1241 1166 1277 1015 1128 1275 1120 1156 1105 989 1193 1247 1101 1196 1374 1222 1073 1128 1153 1180 1293 1155 1027
1489 1348 1349 1167 1210 1529 1204 1232 1412 1355 1152 1351 1443 1365 1372 1253 1586 1142 1391 1455 1666 1504 1430 1325 1440 1137 1199 1323 1162 1250 1535 1179 1441 1593 1384 1208 1211 1338 1531 1368 1239 1513 1445 1717 1382 1269 1406 1354 1569 1254 1173 1332 1611 1500 1427 1406 1503 1317 1467 1382 1368 1697 1433 1184
1453 1277 1300 1262 1156 1434 1232 1195 1345 1243 1208 1264 1295 1275 1368 1140 1531 1138 1229 1505 1587 1370 1389 1326 1152 1193 1184 1241 1162 1257 1324 1254 1263 1357 1318 1086 1269 1356 1421 1223 1108 1439 1357 1475 1186 1057 1339 1231 1265 1280 1133 1385 1513 1458 1432 1278 1365 1115 1330 1454 1295 1462 1422 1135
1443 1382 1266 1095 1099 1267 1056 1153 1201 1236 1118 1417 1288 1407 1194 1110 1507 1228 1165 1361 1417 1392 1357 1350 1215 1171 1234 1195 1081 1237 1304 1258 1323 1272 1248 1145 1255 1234 1306 1184 1220 1380 1267 1315 1280 1164 1317 1168 1421 1257 1222 1231 1340 1510 1476 1268 1450 1083 1296 1367 1343 1567 1481 1116
1379 1293 1142 1079 1122 1383 1101 1007 1231 1237 1134 1340 1248 1234 1146 1038 1397 1116 1262 1236 1337 1300 1138 1135 1145 1105 996 1250 1012 1064 1282 1113 1170 1299 1257 1015 1071 1157 1260 1306 1027 1319 1306 1306 1072 1083 1290 1009 1431 986 1030 1122 1350 1322 1277 1210 1246 1138 1147 1213 1143 1453 1306 1137
1467 1404 1211 1136 1224 1455 1253 1103 1417 1296 1150 1191 1356 1316 1348 1107 1581 1106 1225 1458 1630 1480 1341 1315 1334 1189 1176 1151 1158 1097 1449 1192 1284 1571 1439 1143 1260 1166 1544 1439 1120 1395 1317 1383 1176 1186 1248 1259 1331 1307 1247 1333 1528 1473 1432 1371 1261 1288 1308 1353 1351 1506 1422 1108
1387 1282 1046 1085 976 1210 1161 1045 1108 1277 986 1117 1170 1059 1061 1132 1427 996 1241 1187 1321 1171 1189 1116 1034 1190 1045 956 924 1108 1119 1102 1151 1222 1335 1104 1217 1097 1146 1139 941 1244 1213 1190 1089 1095 1118 1006 1195 1217 916 1227 1218 1166 1192 1214 1414 1009 1142 1183 1191 1348 1190 890
1391 1274 1248 1226 1149 1429 1210 1030 1305 1393 1111 1236 1289 1354 1437 1163 1546 1116 1228 1469 1521 1375 1410 1370 1071 1270 1119 1253 1038 1079 1489 1202 1308 1568 1216 1189 1072 1283 1352 1188 1182 1341 1274 1412 1217 1180 1379 1237 1455 1232 1112 1369 1512 1394 1511 1463 1421 1125 1406 1336 1415 1532 1428 1167
1413 1439 1235 1099 1184 1326 1159 1173 1196 1200 1145 1304 1238 1274 1300 1068 1362 1109 1136 1425 1364 1251 1176 1165 1046 1104 1114 1209 1080 991 1385 1265 1228 1308 1300 1082 1178 1061 1102 1213 1063 1320 1368 1295 1054 1125 1313 1118 1386 1128 1102 1211 1367 1326 1354 1236 1239 1235 1273 1287 1321 1463 1306 1002
1357 1317 1275 1126 1079 1431 1108 1088 1120 1178 1095 1247 1210 1150 1263 1174 1495 1124 1226 1316 1409 1280 1326 1089 1099 1136 1152 1247 938 1219 1290 1148 1292 1198 1269 960 1194 1187 1270 1121 1018 1398 1175 1263 1069 1175 1345 1130 1254 1273 1097 1192 1405 1236 1428 1115 1375 930 1217 1116 1312 1500 1295 1202
1427 1310 1206 1191 1190 1372 1211 1232 1336 1266 1046 1276 1351 1331 1461 1129 1722 1014 1199 1511 1588 1369 1427 1301 1224 1189 1189 1204 1106 1173 1442 1295 1222 1406 1508 1223 1229 1235 1480 1349 1211 1334 1358 1574 1267 1195 1369 1236 1489 1180 1178 1332 1426 1566 1321 1429 1375 1245 1484 1447 1412 1606 1402 1141
1429 1410 1282 1255 1160 1301 1164 1109 1328 1265 1176 1392 1291 1387 1281 1165 1491 1154 1174 1396 1494 1411 1210 1270 1163 1166 1193 1219 966 1098 1418 1319 1270 1465 1117 1138 1126 1224 1314 1113 1114 1362 1349 1501 1256 1278 1374 1093 1504 1309 1047 1337 1414 1299 1544 1402 1384 1134 1299 1201 1245 1574 1483 1051
1313 1391 1272 1207 1186 1475 1235 1087 1383 1370 1170 1352 1358 1394 1271 1146 1656 1257 1187 1422 1537 1336 1349 1430 1073 1161 1175 1199 1086 1125 1475 1354 1333 1416 1403 1285 1236 1345 1250 1298 1149 1388 1382 1445 1258 1325 1370 1178 1427 1267 1065 1297 1337 1376 1488 1426 1451 1294 1330 1396 1364 1585 1499 1163
1510 1373 1288 1213 1161 1532 1085 1219 1418 1364 1104 1364 1466 1482 1399 1100 1660 1186 1311 1505 1559 1497 1514 1450 1279 1269 1152 1301 1053 1282 1538 1276 1312 1437 1489 1257 1222 1323 1390 1433 1286 1578 1279 1402 1243 1288 1460 1310 1495 1276 1310 1386 1565 1467 1449 1362 1414 1170 1382 1502 1369 1611 1425 1254
1383 1328 1401 1209 1276 1427 1114 1134 1384 1188 1178 1320 1304 1368 1325 1143 1450 1262 1109 1436 1610 1344 1366 1434 1153 1126 1182 1291 1204 1255 1412 1303 1274 1462 1281 1184 1211 1176 1374 1249 1143 1472 1396 1382 1278 1223 1339 1323 1355 1230 1213 1419 1460 1500 1588 1329 1420 1257 1325 1446 1290 1596 1457 1089
1647 1416 1410 1373 1188 1655 1248 1372 1341 1441 1280 1502 1355 1499 1614 1189 1680 1159 1366 1649 1637 1629 1568 1423 1319 1360 1336 1370 1056 1403 1651 1385 1497 1596 1434 1116 1218 1383 1409 1350 1373 1572 1516 1496 1298 1271 1575 1321 1503 1467 1140 1439 1620 1533 1533 1481 1586 1222 1416 1460 1447 1651 1515 1225
1455 1376 1194 1253 1175 1554 1240 1177 1322 1219 1191 1252 1388 1361 1270 1236 1601 1221 1205 1501 1544 1392 1344 1264 1170 1103 1324 1389 1067 1178 1459 1213 1269 1354 1399 1027 1137 1372 1317 1352 1263 1512 1346 1420 1325 1123 1430 1217 1402 1377 1162 1360 1601 1457 1420 1405 1381 1228 1366 1461 1359 1590 1448 1040
1580 1471 1277 1315 1229 1402 1222 1233 1331 1448 1235 1360 1312 1373 1230 1176 1570 1268 1396 1456 1489 1411 1312 1361 1248 1245 1223 1260 1163 1221 1431 1356 1382 1515 1401 1132 1286 1342 1243 1417 1170 1529 1334 1242 1272 1234 1328 1239 1405 1407 1181 1307 1628 1405 1423 1373 1484 1265 1326 1346 1292 1591 1523 1155
1273 1310 1179 1161 1159 1210 1090 1023 1268 1149 1136 1179 1189 1177 1278 1149 1548 1237 1114 1308 1232 1196 1211 1179 1026 1116 1055 1186 1120 932 1297 1188 1214 1350 1284 1090 1164 1152 1206 1141 979 1296 1220 1207 1116 1079 1148 1094 1360 1097 1090 1170 1187 1331 1392 1363 1270 1068 1389 1172 1357 1503 1285 1077
1330 1277 1093 1151 1040 1272 975 954 1256 1171 1117 1314 1301 1274 1243 1023 1580 1104 1115 1232 1348 1302 1196 1239 1018 1123 1115 1096 990 1061 1300 1146 1163 1370 1302 1069 1067 1213 1202 1068 1164 1310 1243 1187 1140 1151 1291 1092 1278 1180 1040 1296 1161 1261 1294 1405 1370 970 1281 1220 1171 1379 1158 993
1566 1386 1258 1253 1163 1375 1305 1177 1336 1334 1129 1409 1321 1359 1239 1263 1627 1166 1319 1407 1545 1357 1304 1290 1187 1241 1249 1120 1197 1135 1412 1313 1355 1483 1312 1199 1303 1319 1331 1340 1233 1371 1346 1499 1263 1191 1309 1129 1393 1269 1196 1259 1498 1286 1469 1513 1456 1259 1370 1322 1370 1677 1408 999
1704 1577 1508 1520 1348 1706 1302 1412 1589 1339 1289 1642 1475 1450 1596 1295 1840 1412 1464 1666 1632 1602 1529 1471 1358 1423 1366 1462 1188 1432 1622 1438 1500 1556 1618 1181 1487 1427 1524 1493 1405 1699 1645 1565 1424 1331 1614 1293 1556 1399 1323 1432 1644 1613 1684 1507 1620 1212 1624 1488 1657 1734 1472 1317
1399 1258 1274 1269 1222 1357 1144 1283 1302 1320 1128 1368 1200 1397 1190 1161 1530 1177 1248 1327 1326 1284 1313 1277 1126 1266 1147 1266 1060 1175 1318 1164 1298 1454 1350 1130 1144 1353 1200 1329 1160 1395 1232 1269 1163 1113 1288 1181 1266 1085 991 1233 1487 1395 1389 1308 1433 1226 1364 1300 1176 1582 1497 1092
1351 1297 1219 1139 1172 1445 1248 1147 1193 1310 1305 1342 1261 1371 1298 1069 1445 1079 1108 1481 1508 1401 1260 1251 1169 1206 1230 1268 1023 1112 1337 1171 1288 1269 1298 1069 1091 1081 1270 1235 1030 1305 1331 1359 1162 1038 1332 1125 1324 1294 1019 1271 1478 1472 1289 1238 1259 1262 1173 1384 1408 1416 1371 1179
1421 1408 1418 1327 1268 1524 1215 1299 1420 1317 1131 1505 1410 1484 1433 1259 1643 1207 1308 1545 1523 1506 1474 1546 1126 1350 1360 1316 1085 1297 1449 1406 1473 1369 1355 1197 1251 1347 1373 1316 1285 1471 1404 1578 1250 1354 1513 1311 1553 1286 1217 1536 1516 1532 1570 1468 1517 1191 1311 1402 1371 1620 1460 1173
1298 1173 1224 1231 1085 1330 1040 989 1275 1085 1011 1252 1190 1260 1290 974 1442 1070 1092 1284 1442 1211 1181 1113 1027 981 1122 1111 1000 1079 1282 1223 1054 1408 1179 1078 963 1056 1162 1178 1057 1337 1230 1305 1138 1088 1340 1021 1314 1088 935 1245 1451 1297 1400 1300 1223 1163 1190 1281 1204 1484 1383 980
1372 1285 1217 1056 1099 1420 1020 1214 1101 1009 1052 1257 1302 1301 1209 1208 1471 1062 1150 1314 1277 1307 1319 1134 1108 1127 1131 1307 1003 1098 1395 1173 1333 1145 1234 1006 1084 1253 1210 1255 1172 1399 1193 1291 1142 1122 1338 1272 1372 1247 1172 1272 1448 1366 1336 1194 1306 1106 1234 1294 1298 1541 1347 992
1493 1432 1271 1285 1210 1520 1232 1219 1404 1417 1290 1434 1422 1405 1416 1236 1607 1145 1304 1451 1569 1621 1359 1306 1292 1294 1259 1322 1098 1307 1523 1302 1432 1515 1303 1221 1301 1272 1395 1319 1256 1538 1467 1526 1329 1269 1445 1157 1485 1371 1189 1389 1528 1531 1430 1509 1578 1286 1439 1420 1432 1653 1430 1157
1527 1283 1208 1182 1157 1449 1162 1028 1292 1286 1182 1316 1333 1302 1316 1244 1580 1096 1222 1296 1512 1317 1293 1288 1164 1136 1259 1278 964 1178 1389 1274 1126 1400 1375 1111 1089 1363 1418 1227 1238 1562 1344 1385 1155 1217 1437 1055 1388 1114 1067 1292 1567 1370 1373 1381 1515 1077 1352 1323 1213 1541 1421 1046
1657 1533 1524 1385 1283 1622 1313 1291 1402 1360 1245 1512 1366 1471 1463 1426 1696 1263 1345 1571 1645 1593 1444 1378 1304 1290 1333 1379 1119 1390 1558 1431 1534 1587 1403 1243 1360 1439 1332 1343 1382 1619 1379 1549 1257 1357 1551 1355 1484 1465 1184 1497 1618 1406 1614 1461 1660 1279 1387 1328 1461 1755 1593 1195
1503 1400 1245 1130 1179 1368 1120 1200 1232 1220 1021 1362 1274 1255 1217 1199 1607 1128 1210 1340 1593 1341 1362 1170 1271 1131 1178 1178 1050 1174 1339 1225 1338 1339 1350 1099 1294 1205 1286 1354 1226 1434 1283 1370 1214 1193 1357 1148 1287 1264 1165 1313 1429 1320 1442 1242 1325 1106 1278 1357 1306 1550 1302 1103
1445 1372 1254 1175 1093 1229 1163 1094 1219 1170 1120 1332 1272 1319 1339 1024 1511 1100 1215 1453 1593 1357 1247 1268 1157 1144 1278 1103 1074 1175 1307 1185 1199 1316 1345 1059 1329 1165 1315 1141 1164 1413 1328 1341 1150 1130 1223 1129 1243 1210 1154 1269 1381 1299 1553 1202 1303 1009 1378 1292 1210 1418 1275 1088
1680 1374 1331 1239 1190 1448 1202 1213 1285 1367 1338 1474 1349 1307 1339 1276 1664 1234 1379 1462 1532 1368 1284 1261 1288 1223 1267 1303 1249 1316 1391 1236 1422 1466 1430 1178 1387 1349 1392 1217 1196 1487 1373 1405 1268 1171 1357 1249 1469 1351 1154 1376 1468 1343 1518 1506 1555 1097 1439 1368 1411 1626 1377 1208
1513 1391 1307 1251 1232 1415 1243 1157 1310 1234 1162 1423 1309 1294 1394 1221 1676 1169 1279 1550 1535 1517 1386 1358 1270 1242 1258 1222 1199 1274 1344 1340 1438 1427 1301 1251 1374 1316 1414 1287 1275 1405 1399 1491 1275 1214 1373 1315 1404 1372 1238 1390 1373 1487 1471 1405 1536 1192 1351 1299 1438 1593 1460 1142
1536 1413 1241 1165 1165 1382 1088 1135 1349 1310 1175 1325 1377 1325 1312 1186 1591 1152 1321 1406 1584 1376 1357 1244 1165 1213 1236 1280 1151 1127 1325 1246 1274 1540 1345 1154 1161 1216 1343 1102 1216 1324 1270 1427 1228 1161 1406 1202 1392 1306 1156 1406 1427 1550 1459 1525 1454 1158 1462 1348 1361 1675 1266 1072
1536 1503 1315 1245 1180 1560 1180 1219 1390 1248 1281 1409 1388 1658 1259 1118 1534 1322 1221 1515 1504 1332 1327 1374 1199 1225 1250 1278 1152 1067 1503 1371 1363 1499 1390 1247 1107 1211 1263 1424 1172 1577 1431 1506 1168 1222 1413 1216 1435 1266 1266 1231 1583 1314 1436 1351 1506 1272 1281 1422 1375 1593 1393 1003
1434 1273 1069 1181 1082 1420 1109 1108 1179 1278 1060 1173 1171 1173 1076 1037 1364 1137 1216 1339 1351 1378 1275 1212 1060 1147 1083 1131 1014 1143 1149 1108 1342 1306 1252 1094 1155 1035 1165 1265 1015 1240 1200 1243 1073 1132 1228 1117 1229 1199 1013 1258 1319 1344 1187 1197 1280 1128 1098 1363 1234 1311 1308 1077
1582 1400 1301 1331 1233 1538 1237 1310 1455 1394 1240 1475 1461 1433 1327 1306 1700 1302 1469 1595 1562 1509 1421 1493 1302 1332 1394 1428 1069 1275 1547 1381 1433 1432 1489 1207 1301 1428 1387 1416 1288 1584 1521 1528 1398 1420 1511 1195 1614 1342 1264 1338 1594 1528 1548 1506 1533 1201 1504 1453 1419 1729 1479 1196
1513 1459 1472 1356 1318 1704 1348 1261 1486 1434 1274 1499 1443 1495 1533 1273 1632 1354 1290 1606 1647 1583 1474 1438 1330 1390 1334 1474 1263 1290 1663 1432 1409 1586 1569 1319 1269 1307 1412 1509 1373 1605 1534 1527 1468 1270 1597 1348 1606 1360 1196 1433 1684 1684 1574 1628 1604 1467 1484 1562 1622 1742 1584 1374
1493 1332 1365 1165 1212 1369 1145 1152 1274 1257 1124 1440 1251 1305 1218 1143 1536 1186 1169 1303 1574 1431 1312 1274 1228 1115 1207 1117 1148 1216 1301 1268 1301 1349 1344 1098 1255 1211 1269 1309 1189 1396 1345 1344 1320 1169 1347 1127 1391 1353 1198 1301 1439 1395 1537 1266 1320 1135 1200 1353 1351 1523 1468 1091
1486 1353 1281 1112 1075 1417 1185 1138 1229 1321 1115 1292 1293 1403 1304 1154 1558 1118 1215 1458 1548 1365 1326 1327 1193 1272 1224 1279 1021 1252 1400 1287 1322 1430 1354 1168 1217 1212 1211 1299 1209 1340 1241 1393 1176 1253 1381 1275 1384 1320 1081 1330 1435 1340 1399 1306 1427 1238 1262 1313 1341 1543 1354 1042
1498 1352 1139 1198 1243 1435 1141 1145 1365 1368 1241 1397 1354 1318 1250 1061 1678 1165 1374 1360 1569 1313 1311 1259 1219 1165 1112 1234 1132 1219 1382 1183 1146 1439 1391 1256 1153 1254 1385 1301 1185 1502 1379 1370 1198 1116 1399 1118 1402 1204 1125 1288 1467 1475 1460 1387 1331 1144 1400 1462 1354 1554 1434 1203
