0 0 9 0 10 0 81 3 0 0 51 0 7 0 1 35 0 0 41 0 81 0 0 0 36 0 81 0 20 0 0 0 0 29 0 0 30 6 10 20 12 2 0 0 0 14 2 2 23 0 0 0 0 0 0 12 0 27 0 0 0 0 24 0
0 0 0 0 36 16 0 45 5 0 0 10 0 0 0 75 0 0 49 0 34 32 21 0 56 56 0 0 20 0 27 73 0 25 0 49 45 0 5 0 0 48 0 0 32 31 32 0 63 0 57 75 8 0 12 0 20 0 49 0 0 0 0 24
0 0 0 0 9 48 0 48 0 0 0 0 18 6 0 14 0 0 0 0 0 0 0 0 0 0 0 0 24 0 8 2 0 3 0 10 18 0 2 0 0 0 0 0 0 42 0 30 0 0 10 0 27 21 0 12 0 0 0 0 0 0 0 0
32 0 0 5 0 8 0 8 12 0 12 5 9 33 10 0 0 27 7 53 40 15 37 12 0 0 26 0 0 27 0 18 0 0 0 0 0 0 28 0 35 0 4 3 0 7 0 5 0 0 1 0 0 0 0 0 15 0 5 0 32 0 18 28
6 56 0 18 0 0 0 0 0 0 41 12 0 0 9 0 22 9 0 14 0 40 30 0 18 2 0 14 0 6 0 42 0 0 0 6 0 0 2 0 18 22 0 40 5 0 0 4 0 0 2 30 0 5 0 2 0 0 42 0 0 15 8 0
33 43 72 6 0 56 49 56 48 4 0 26 87 3 25 0 0 56 7 54 104 0 0 7 5 0 9 0 0 19 0 0 2 0 0 0 0 0 5 9 42 0 3 0 1 56 46 35 67 112 14 10 7 9 10 0 0 0 80 0 0 20 0 0
0 42 0 0 0 0 0 0 0 10 18 0 0 0 0 36 18 0 18 0 0 0 30 0 24 0 0 0 0 0 0 0 0 8 0 18 0 0 0 0 0 0 0 2 0 0 4 0 0 0 0 0 0 2 0 0 0 0 12 0 12 0 48 0
6 0 36 8 0 0 0 0 12 20 0 0 28 12 13 0 36 9 42 0 36 0 0 0 30 0 18 0 0 58 0 0 12 16 0 0 0 0 0 0 0 8 18 4 11 0 52 28 0 0 0 0 0 58 48 2 0 0 0 0 0 0 9 0
98 32 0 0 10 0 28 0 0 0 38 26 0 54 9 0 42 9 48 18 0 0 0 0 15 16 54 0 48 8 0 25 0 0 0 0 0 6 59 0 12 10 9 48 53 46 16 2 46 40 0 33 0 0 0 14 72 0 35 0 72 16 0 0
2 81 0 18 9 0 53 0 3 0 30 0 38 9 5 14 12 0 28 3 55 8 42 21 0 6 32 9 26 1 16 0 2 8 0 6 12 0 44 67 0 0 1 18 26 16 6 7 0 3 99 4 23 0 16 0 27 40 23 0 3 0 0 0
0 0 0 0 45 8 0 12 0 40 47 2 0 20 0 34 84 0 0 0 0 0 45 0 3 0 0 0 0 40 8 5 0 32 0 10 18 27 52 0 54 68 0 8 0 63 32 9 81 0 22 17 35 8 0 54 0 0 7 15 0 0 0 12
24 27 36 0 63 0 0 0 45 0 6 8 18 0 36 27 8 36 0 63 0 0 27 63 12 0 0 0 0 0 0 20 0 0 0 0 0 0 27 81 0 32 0 0 20 0 0 0 0 0 0 20 63 0 18 8 0 0 28 0 0 0 0 0
12 62 0 0 0 0 24 0 0 25 0 0 18 0 0 0 45 0 0 54 0 0 63 14 0 0 0 49 0 21 0 42 42 20 0 0 0 0 30 18 0 0 0 5 0 0 10 14 0 0 0 0 14 5 4 0 0 0 0 0 0 0 0 0
16 78 81 12 36 0 44 51 0 0 43 0 101 0 9 0 6 0 14 0 85 56 0 0 0 0 24 0 45 0 12 0 0 0 18 24 0 0 24 24 0 0 0 24 50 16 18 0 10 0 44 16 26 3 12 0 0 30 12 0 0 23 27 0
0 0 0 0 30 0 0 0 0 5 18 0 0 12 0 0 9 0 0 0 0 0 0 0 0 0 0 0 0 0 0 0 0 4 0 0 0 18 30 0 36 6 2 1 0 42 2 6 54 0 0 0 0 1 0 36 0 0 0 0 0 0 0 0
13 16 28 0 49 0 41 20 53 32 23 8 18 24 40 45 0 21 3 49 36 0 0 0 12 0 75 0 20 4 0 0 0 3 8 0 0 0 23 0 24 0 0 0 0 56 9 0 26 64 0 4 8 0 0 0 0 24 27 0 0 8 0 0
24 0 0 0 0 20 24 44 0 0 8 0 33 0 0 74 0 0 35 6 0 0 45 0 79 9 33 65 26 45 24 0 10 0 8 30 117 0 84 0 32 0 42 15 40 0 78 36 0 28 30 0 8 81 82 0 42 20 0 0 51 0 45 30
45 72 0 0 18 0 63 3 0 35 20 36 0 3 0 0 83 9 37 0 0 0 3 0 0 10 0 0 78 27 0 6 0 28 0 0 0 0 9 0 0 0 0 37 30 20 24 0 68 77 0 18 54 49 0 24 50 0 0 0 0 36 0 0
6 10 0 17 54 0 0 8 12 0 12 0 0 24 9 0 0 9 12 0 42 48 28 0 14 2 0 0 2 4 8 0 0 0 2 36 0 0 8 0 4 8 2 0 58 24 0 28 0 0 17 24 12 0 18 2 0 0 0 0 0 0 0 0
0 0 1 0 0 8 6 0 0 7 0 0 0 0 0 0 7 0 0 1 8 0 8 0 0 2 0 0 0 0 0 0 0 0 0 0 0 0 0 0 0 0 0 4 0 0 0 0 0 0 0 0 0 0 0 0 0 0 0 0 0 7 0 0
54 0 8 0 14 0 0 0 10 52 54 0 0 27 126 6 0 81 0 32 0 0 0 0 72 0 54 0 0 0 0 0 14 0 0 54 28 0 16 0 0 72 28 0 45 63 32 0 0 0 0 0 0 32 0 18 0 0 0 0 36 0 0 0
0 0 40 0 0 0 0 0 0 25 0 0 0 0 10 63 55 0 10 0 0 0 0 0 5 0 3 0 0 9 36 0 2 20 45 45 81 0 9 0 0 0 38 5 41 0 31 0 0 0 75 0 0 49 8 0 0 15 0 0 0 0 0 0
0 40 0 85 0 0 15 80 22 45 18 0 57 26 0 48 81 54 0 0 0 20 63 16 24 18 1 45 2 71 72 66 0 36 0 18 0 0 0 0 48 0 0 13 45 0 34 36 0 42 52 0 0 9 14 0 44 30 1 0 12 0 20 40
56 0 0 72 20 32 0 47 0 0 36 0 12 0 0 0 0 0 35 70 0 0 48 0 0 8 42 0 0 0 0 0 0 0 0 24 0 12 63 0 96 60 0 0 0 56 0 24 61 0 8 0 0 0 0 24 0 0 0 0 56 0 56 0
36 0 0 63 54 105 0 0 0 0 45 0 0 42 59 0 0 54 9 30 6 78 45 0 0 0 5 51 35 0 0 0 23 0 0 36 0 0 15 0 0 48 7 28 120 24 45 0 0 10 84 24 21 27 34 12 0 0 0 0 3 0 94 36
0 0 0 0 25 0 0 0 5 0 15 10 0 0 0 0 0 0 0 0 30 0 0 0 0 0 0 0 20 0 0 45 0 25 0 0 0 15 25 0 30 5 0 0 0 50 0 5 45 0 0 0 0 0 0 30 20 0 0 0 0 0 27 0
15 99 0 0 0 0 7 0 18 0 28 16 0 28 0 0 14 14 98 2 44 0 126 0 89 0 30 49 31 151 0 96 16 30 7 0 0 0 13 0 14 49 24 0 8 18 54 14 15 26 0 2 49 72 64 0 24 0 18 21 8 4 0 0
38 0 0 0 0 40 36 76 0 0 0 0 55 10 9 0 0 9 0 8 0 0 0 0 0 0 29 45 9 0 0 0 0 0 0 0 0 0 20 0 0 8 0 0 5 35 72 79 0 0 0 0 0 0 63 2 63 0 0 0 32 0 0 40
0 32 72 43 15 12 36 36 52 0 4 0 56 34 8 6 2 0 33 0 72 12 32 0 35 0 2 66 68 32 0 6 20 9 5 0 0 0 1 0 10 7 0 13 21 15 88 82 0 4 0 0 52 35 63 20 63 0 2 3 0 0 51 18
24 0 0 0 0 0 45 0 0 0 43 0 0 0 81 0 0 36 26 27 94 0 42 0 35 0 54 81 0 27 0 0 24 5 0 0 0 0 12 0 0 32 9 0 23 0 18 0 0 0 0 0 0 27 87 8 0 15 0 0 27 0 0 0
0 0 0 0 0 48 0 63 0 0 26 0 60 8 30 0 4 0 0 18 0 0 102 0 36 6 0 54 15 16 0 0 12 0 6 0 42 0 44 0 0 14 18 0 0 42 0 30 0 0 0 0 20 24 42 0 0 0 0 6 36 0 0 0
24 46 2 25 0 32 12 16 18 14 0 5 6 18 15 0 14 0 33 56 16 0 16 0 29 4 43 9 2 33 8 0 8 0 2 0 0 0 31 16 39 0 9 8 3 14 18 52 0 0 24 0 0 27 31 0 0 20 13 0 27 14 0 0
0 0 32 21 56 4 35 6 64 26 4 0 25 54 0 41 22 0 62 56 32 0 0 0 0 2 16 0 6 12 4 18 12 35 0 5 37 0 25 0 0 12 28 8 6 13 46 0 0 1 54 6 0 34 0 0 9 0 5 0 0 0 24 38
0 24 0 0 0 0 0 0 0 20 6 0 0 0 10 0 0 0 0 6 18 0 14 0 0 0 0 18 0 0 0 0 4 0 0 0 91 0 4 56 0 0 35 0 0 0 40 0 0 0 0 0 0 40 14 0 0 0 0 0 6 0 0 64
44 48 0 0 63 0 70 0 0 0 0 42 21 0 0 63 18 0 45 0 7 68 18 0 27 0 2 0 50 12 0 45 0 36 0 42 54 0 6 36 0 0 0 4 56 28 0 0 42 52 14 85 14 0 21 0 0 0 63 0 0 24 16 0
0 0 0 28 35 4 0 6 32 0 21 0 0 0 0 10 0 0 21 0 12 0 0 0 0 0 6 0 0 16 0 0 16 0 0 0 0 21 35 0 42 19 0 0 0 61 8 7 63 0 9 6 0 0 0 42 0 0 0 0 0 0 9 18
0 18 35 0 0 63 0 0 20 0 0 12 10 0 0 0 12 0 0 0 0 61 54 62 18 0 6 0 42 0 0 30 0 0 0 0 0 0 0 54 0 0 0 17 0 0 0 0 0 12 0 30 42 0 12 0 0 0 42 0 0 0 101 40
0 0 0 0 0 0 27 0 0 0 25 0 30 12 0 0 0 0 6 54 24 0 45 0 12 0 27 0 0 0 0 0 42 3 0 0 0 0 30 0 0 0 2 0 0 0 15 0 0 0 0 0 0 0 0 0 0 9 0 0 0 0 0 0
0 0 3 0 0 24 18 15 0 21 0 0 0 0 0 0 21 0 35 3 24 0 24 0 0 6 0 0 0 0 0 0 0 0 0 0 0 0 0 0 0 0 0 12 0 0 0 0 25 0 0 0 0 0 0 0 0 0 0 0 0 21 0 0
0 72 0 0 0 0 0 0 0 32 69 0 0 0 0 0 18 0 0 0 0 72 24 0 72 64 0 0 0 0 8 32 0 0 0 6 56 0 0 0 0 0 56 72 0 0 64 0 32 0 0 40 0 73 0 0 0 0 56 0 4 27 3 0
64 0 8 0 15 0 0 36 0 10 0 0 74 14 50 59 20 0 67 70 0 0 0 0 0 0 55 24 60 0 0 0 78 28 9 0 30 0 76 68 24 0 7 2 8 0 4 0 0 21 6 36 45 44 6 20 0 18 0 0 64 0 0 56
0 0 9 0 0 0 0 0 0 0 4 0 7 28 1 0 2 0 0 0 9 0 9 0 0 0 0 0 0 8 0 0 0 0 0 0 0 0 1 0 0 7 4 0 0 0 2 0 0 0 0 0 7 0 0 0 0 0 0 3 0 0 0 0
0 21 0 0 0 0 61 0 0 0 46 0 53 0 0 0 0 0 6 63 48 0 72 49 24 0 54 0 0 0 0 0 49 6 0 0 0 0 35 63 0 0 0 0 0 0 0 0 0 0 7 0 49 0 14 0 0 18 1 0 0 0 0 0
0 0 0 2 3 0 0 3 3 0 54 0 0 3 0 0 0 0 7 0 0 0 0 0 72 0 0 0 8 1 0 0 0 0 0 54 0 0 0 0 0 0 0 0 0 0 0 7 5 0 0 0 9 7 0 4 0 0 0 0 36 0 0 0
8 9 41 0 56 72 72 48 88 63 35 0 0 30 64 24 63 56 58 65 120 0 72 0 8 18 18 32 0 0 0 10 48 17 0 20 21 0 32 85 0 0 0 36 0 15 24 0 32 72 0 48 0 0 8 0 10 6 72 0 0 63 0 24
16 0 0 14 0 50 32 0 0 0 10 0 31 12 0 0 0 0 0 0 0 54 116 0 42 7 9 56 63 0 0 0 0 0 0 0 49 0 49 0 0 0 23 42 56 0 0 0 0 18 16 0 2 34 2 0 0 0 0 0 21 0 144 48
12 0 12 7 21 9 24 0 15 0 5 0 24 42 0 9 0 0 56 21 32 0 30 0 36 6 16 0 0 0 0 0 0 0 0 0 42 0 51 0 0 0 25 0 0 0 0 0 0 0 16 0 1 27 1 0 0 0 0 0 18 0 24 32
0 12 0 2 0 14 36 45 2 0 12 6 54 0 19 51 0 0 56 27 12 0 0 28 0 0 0 27 8 0 0 18 6 10 0 0 0 0 0 36 30 42 0 0 54 6 28 0 40 14 21 21 28 0 29 0 8 10 2 0 9 42 0 21
0 92 8 0 14 0 21 6 10 0 63 0 15 42 0 6 18 72 38 14 0 72 24 0 28 0 0 0 4 72 0 54 0 9 4 0 0 0 6 0 8 0 0 72 0 0 0 0 10 0 21 0 0 9 0 0 40 0 3 0 0 27 0 0
0 0 0 12 0 0 0 0 18 0 18 0 54 60 0 28 0 0 0 0 0 0 81 0 0 0 0 0 0 6 16 14 0 21 0 20 36 0 4 0 0 0 0 0 0 0 0 42 0 0 20 0 0 0 0 0 0 0 0 0 0 0 0 0
0 0 0 0 0 16 0 0 0 8 0 0 0 6 0 0 0 18 0 0 0 0 6 0 0 0 0 28 0 18 0 12 0 0 0 0 14 0 0 0 0 0 14 12 28 0 16 0 0 0 0 0 0 16 0 0 10 0 0 0 0 0 36 24
0 14 0 27 0 6 0 15 0 0 9 0 0 12 8 27 0 36 13 21 0 0 40 0 0 3 0 4 0 36 0 24 6 0 0 9 0 0 4 8 27 39 0 0 0 0 12 0 0 0 12 15 0 0 1 0 20 0 4 0 0 0 28 9
42 0 0 0 0 0 36 40 0 0 36 0 0 0 63 0 0 63 4 72 32 0 0 0 16 0 36 0 40 0 0 0 56 4 16 0 0 0 40 0 0 56 0 0 35 0 0 0 0 0 0 0 16 0 0 14 0 12 0 0 0 0 0 0
2 64 0 0 35 0 28 55 0 35 87 0 3 0 40 0 79 0 14 24 0 94 45 0 0 0 5 102 66 0 0 0 16 28 10 0 0 21 35 0 42 7 0 81 0 49 62 43 73 10 0 0 10 15 98 42 42 0 0 0 24 24 40 0
0 74 0 23 30 0 0 0 17 0 18 11 0 6 28 0 0 0 54 87 6 0 9 49 63 0 0 25 13 11 0 17 12 8 9 0 0 18 30 63 117 6 0 0 0 51 0 8 54 0 0 0 49 0 28 36 4 0 9 0 6 0 0 0
0 81 0 86 0 18 0 27 16 4 51 0 0 8 0 45 4 0 0 42 0 48 126 0 0 6 44 0 56 24 18 0 8 0 0 38 7 0 44 36 54 110 7 16 0 21 44 0 0 16 87 27 14 8 0 0 10 45 18 6 0 0 88 27
41 91 0 42 0 64 49 15 41 0 62 38 0 50 0 83 16 42 35 18 54 0 97 0 0 0 0 0 36 78 0 51 14 50 0 0 24 0 25 16 0 86 0 0 0 15 38 0 73 110 63 29 62 18 6 0 20 0 64 24 0 28 40 15
0 0 1 0 81 8 6 0 0 23 0 0 0 0 0 0 7 0 0 1 17 72 8 0 0 2 0 0 0 0 0 0 0 0 0 54 28 0 0 0 0 0 28 4 72 36 32 0 0 0 18 36 18 32 27 0 0 0 0 0 0 7 0 0
5 26 0 49 0 63 19 12 1 0 63 6 6 0 0 0 28 0 42 0 6 0 30 0 36 20 0 15 49 2 0 9 0 5 0 0 84 0 43 42 0 0 18 42 42 31 38 18 7 15 56 2 7 45 28 0 88 0 0 0 18 4 0 48
0 0 0 42 0 54 86 32 0 0 48 0 63 0 0 0 0 0 0 0 0 0 0 0 0 0 0 40 8 0 0 0 0 0 0 0 0 0 0 0 0 0 0 0 81 0 64 48 0 0 48 0 6 18 62 0 56 0 0 0 0 63 0 0
0 0 0 0 0 0 50 20 0 20 10 0 35 0 45 0 0 0 1 27 0 6 9 0 0 0 1 106 12 0 0 0 18 0 0 0 35 0 0 0 0 0 35 2 45 0 85 30 0 2 0 0 0 40 98 0 35 0 0 0 27 35 8 0
30 114 12 4 21 0 42 10 15 0 4 24 48 12 40 9 0 0 0 117 0 0 54 0 0 0 14 114 10 30 4 36 72 0 4 0 0 0 63 8 0 0 0 0 0 0 0 12 42 48 12 12 4 0 56 0 0 10 4 0 24 24 0 48
0 0 0 35 0 64 72 64 40 0 40 0 24 36 20 0 0 0 43 12 64 0 0 0 57 0 87 36 0 65 0 0 38 8 0 0 0 0 0 0 0 0 21 0 5 71 30 40 0 0 0 0 0 45 68 0 0 24 0 0 12 0 0 0
4 38 0 0 0 0 0 0 24 0 0 0 0 0 0 0 0 28 42 0 16 0 0 7 49 0 0 0 7 0 0 0 0 0 7 0 0 0 0 9 14 0 0 0 0 0 12 0 16 36 0 0 7 0 2 0 0 0 36 0 0 0 12 0
