0 36 0 24 0 0 18 0 0 0 0 0 0 0 66 0 6 7 0 0 0 27 5 0 0 8 0 12 24 129 30 13 63 0 24 4 18 0 0 0 0 27 0 36 18 27 0 14 0 0 127 54 91 0 0 12 66 28 0 36 0 0 18 18
7 104 0 0 0 9 48 0 0 0 36 0 32 0 0 21 0 8 0 0 56 9 0 0 0 0 6 0 0 0 0 0 21 0 6 0 6 0 0 0 12 0 64 64 0 35 0 14 0 12 27 0 3 0 6 36 98 0 0 0 0 0 35 24
36 9 0 0 38 0 0 63 49 0 54 15 0 0 0 18 0 10 0 0 0 0 0 72 0 0 12 0 57 52 0 0 7 0 0 0 12 8 0 0 0 27 0 32 0 20 0 20 20 0 36 0 23 42 0 82 52 0 0 111 0 24 0 10
72 108 27 0 0 72 0 21 27 16 0 24 0 0 0 0 0 0 0 0 0 0 27 9 0 0 0 45 64 0 0 9 0 0 0 36 0 0 8 0 45 0 48 12 0 32 0 0 0 40 1 54 96 0 0 36 6 3 24 32 31 0 4 25
0 0 0 0 24 0 0 0 0 0 0 0 0 0 0 0 0 0 48 0 6 0 0 0 0 0 0 24 40 0 0 12 0 24 0 0 0 0 16 0 42 0 12 0 0 0 0 0 0 0 0 0 0 32 0 0 0 0 0 0 0 0 0 0
6 72 21 0 0 2 99 63 0 15 40 0 4 30 18 14 47 0 10 16 24 31 63 0 31 10 0 25 0 17 63 15 0 0 16 30 49 40 0 30 15 0 57 55 12 0 54 0 7 28 8 29 0 39 0 67 6 30 42 45 28 0 10 0
64 66 3 8 0 15 0 9 72 39 15 0 0 6 6 0 9 76 0 0 0 5 3 2 3 28 0 12 27 48 30 6 0 0 6 42 5 8 0 0 10 0 114 4 18 0 48 3 12 12 0 63 16 27 0 48 0 22 0 40 0 20 45 0
0 45 0 0 0 0 15 0 0 0 0 0 0 0 0 0 0 6 0 0 42 6 0 0 0 0 0 0 9 7 0 0 7 0 0 0 24 8 0 6 15 0 0 6 0 0 0 0 0 0 0 0 0 21 0 4 7 0 0 0 0 0 0 18
1 12 0 16 0 29 0 18 24 0 14 0 67 0 72 63 0 2 10 0 14 6 18 0 0 0 18 0 0 14 0 12 14 0 4 0 4 0 0 0 36 0 18 12 20 5 0 8 0 36 18 0 33 54 18 0 20 8 0 8 0 72 32 18
0 7 8 0 0 0 6 0 0 24 64 0 4 48 0 0 24 42 0 0 0 43 54 0 24 0 0 16 0 0 0 6 7 0 2 48 42 64 0 0 0 0 8 7 0 0 0 0 0 0 9 24 0 0 0 0 11 24 0 0 0 0 0 0
5 45 10 0 0 0 35 0 0 0 0 24 0 0 0 0 0 0 0 0 0 0 30 0 0 0 0 0 0 0 0 0 0 0 0 0 0 0 0 5 0 0 0 0 0 57 0 10 0 0 0 0 24 0 0 0 0 0 0 0 0 0 25 16
0 105 6 30 0 20 12 0 0 18 48 0 0 36 23 0 25 0 4 0 0 30 18 63 18 0 0 12 46 70 53 25 14 0 7 36 30 64 0 0 31 0 0 8 21 0 0 4 0 0 12 50 0 48 0 8 16 0 0 18 0 0 37 4
0 63 12 114 0 28 0 0 8 0 42 0 30 0 21 0 0 0 0 0 48 0 0 105 0 18 0 0 0 0 0 98 14 0 12 5 24 24 0 0 35 12 54 0 0 36 0 10 0 0 71 0 35 74 0 15 12 12 0 0 0 0 18 17
27 45 14 0 24 0 42 27 21 0 0 0 0 0 0 0 0 0 48 16 6 0 0 2 0 0 0 64 0 0 0 12 0 0 0 30 0 0 0 14 42 0 52 10 7 0 0 50 27 0 27 0 6 0 0 21 4 0 32 0 0 21 0 0
24 54 14 52 0 8 77 45 36 18 83 27 0 36 21 0 74 70 0 0 42 30 72 18 46 0 0 12 0 11 0 46 0 0 28 36 30 48 0 32 10 3 55 0 0 35 24 15 0 42 0 45 31 16 0 20 0 44 0 20 15 0 0 16
0 36 0 0 0 24 25 0 0 0 28 7 0 0 21 56 6 0 0 0 0 10 0 0 0 9 16 0 0 60 30 0 0 0 6 0 40 0 0 10 57 0 41 0 18 0 0 0 0 32 0 0 8 44 16 28 35 6 0 0 35 0 27 0
6 0 63 0 63 63 6 49 119 64 0 0 28 0 0 0 0 0 14 5 0 5 63 6 0 0 49 0 0 0 0 0 56 0 0 56 24 0 0 42 0 0 106 0 17 30 24 12 36 47 0 0 0 16 40 0 34 9 56 0 56 90 49 2
0 9 2 0 0 27 48 18 27 10 0 1 0 9 27 63 0 24 0 0 0 2 6 0 0 0 45 0 88 20 0 0 0 0 12 9 8 24 21 3 41 0 2 0 0 0 12 12 0 61 51 54 9 7 42 0 6 0 0 20 5 0 27 33
48 0 0 0 0 0 63 0 72 0 0 0 21 0 0 0 72 56 0 0 54 0 0 0 36 6 0 9 0 0 0 9 0 0 36 0 0 0 0 36 0 0 8 27 6 0 48 0 0 54 0 48 0 12 0 40 0 18 0 27 0 24 9 0
2 117 14 0 45 35 9 49 0 49 0 0 0 0 42 0 0 0 10 20 0 20 0 9 0 7 35 0 103 24 0 0 82 0 0 42 28 48 0 63 0 63 86 14 4 10 0 4 54 50 0 0 0 0 0 24 60 8 0 0 0 63 15 8
36 18 0 30 0 8 0 0 9 36 0 0 74 0 6 0 0 45 8 9 0 0 0 18 0 18 2 0 0 0 0 10 0 0 8 27 0 0 0 0 10 0 54 0 36 0 18 0 72 18 0 0 0 66 0 72 45 24 27 0 0 64 42 0
7 45 0 0 0 0 0 0 0 0 0 0 0 0 0 0 0 14 24 0 0 0 10 0 0 0 6 0 0 0 0 2 0 0 24 30 0 0 0 0 0 0 40 10 6 35 54 14 0 0 0 0 0 0 0 0 0 44 0 0 0 0 35 0
64 48 9 0 9 58 0 56 0 122 72 0 0 54 0 42 27 40 2 0 0 45 27 50 27 6 19 58 96 0 0 63 22 0 0 102 77 72 0 0 64 72 24 0 0 0 0 0 24 89 0 75 70 6 12 32 0 4 0 100 0 40 7 0
72 0 0 7 67 0 56 135 56 0 44 9 5 0 27 0 64 5 0 0 56 0 0 0 32 0 0 0 0 9 0 0 0 0 34 0 40 4 0 32 0 81 18 0 0 6 0 40 40 48 78 0 16 5 0 28 35 0 0 0 45 0 0 0
2 0 0 12 0 0 0 0 0 0 0 0 0 0 0 0 0 0 2 0 0 0 0 0 0 0 21 0 0 0 30 0 0 0 0 0 0 0 0 0 3 0 0 0 0 0 18 0 0 27 12 7 0 0 0 9 0 0 0 0 0 0 8 0
0 27 0 46 0 12 0 20 4 0 0 45 0 0 18 0 0 35 14 0 0 5 3 27 30 0 28 25 0 0 91 15 0 0 0 2 0 0 0 0 36 0 0 0 0 15 0 4 0 36 30 89 18 24 0 18 0 0 0 0 0 0 56 8
5 0 0 0 0 0 0 16 0 9 0 43 0 24 21 0 0 97 0 0 0 4 0 0 24 0 0 20 5 7 0 0 0 0 32 6 0 0 0 0 0 0 14 0 0 37 32 10 3 3 40 32 0 0 0 0 0 0 0 9 35 5 25 0
0 0 72 0 0 72 0 56 72 0 0 0 0 0 0 0 0 63 0 0 0 0 117 0 0 0 0 0 0 0 0 9 0 0 0 0 0 0 0 0 0 0 0 0 0 0 0 0 0 0 0 0 0 0 0 0 16 44 64 0 64 0 0 0
0 0 16 0 0 0 0 24 0 0 0 0 0 3 0 0 0 8 0 0 0 0 0 0 0 0 0 56 0 72 0 0 0 0 4 56 0 0 0 0 0 0 0 64 8 0 4 40 0 40 5 0 0 0 0 24 0 24 0 0 0 8 0 0
12 9 63 36 0 63 0 63 66 93 0 0 0 0 0 0 0 45 32 3 0 0 63 0 0 0 8 0 54 4 0 0 7 0 32 68 8 8 0 0 0 18 0 0 14 0 72 10 51 27 35 0 35 0 0 43 21 55 65 81 56 45 0 15
0 18 0 0 0 0 5 0 0 0 0 0 0 0 0 0 0 0 0 0 0 0 0 32 0 0 0 0 18 0 0 0 0 0 0 12 0 0 0 35 0 0 16 16 0 0 0 0 30 0 0 0 0 12 0 0 10 0 0 27 0 35 0 0
12 72 0 69 0 7 12 0 3 14 63 0 59 0 71 0 0 0 35 13 72 10 0 0 0 0 0 0 61 75 0 0 35 0 18 27 36 76 0 0 0 0 24 41 15 54 0 4 24 10 66 18 0 63 0 44 58 4 9 0 0 0 0 8
9 0 36 12 24 53 17 10 0 0 72 9 16 0 134 0 0 47 40 0 0 1 0 5 6 9 0 19 79 80 0 0 0 0 0 16 0 0 0 35 0 0 0 56 17 48 0 71 30 10 26 26 14 112 0 33 36 6 0 0 0 44 45 10
36 54 0 120 32 24 0 117 127 0 63 21 0 0 99 0 0 0 40 0 5 0 27 54 0 0 0 0 0 0 0 94 0 0 0 65 27 0 0 0 65 0 163 0 9 28 27 51 20 0 50 0 79 48 45 6 9 36 0 36 0 18 0 38
12 63 0 42 0 28 49 13 18 0 0 18 0 0 21 0 56 28 32 0 46 2 0 63 40 16 10 10 0 72 0 43 0 0 28 0 0 0 0 48 63 0 10 0 0 6 12 0 0 42 0 28 0 68 12 45 36 0 0 30 0 0 0 0
54 0 0 50 48 0 0 90 98 0 7 0 8 0 0 0 0 20 0 0 0 0 0 0 0 0 0 0 0 0 27 6 0 0 0 63 24 0 0 0 0 0 94 0 8 0 24 47 33 8 103 0 61 0 40 48 28 4 18 4 12 16 0 21
62 28 0 0 48 0 36 57 42 0 0 0 16 24 8 21 0 64 72 24 9 0 0 54 0 0 6 0 52 30 0 18 0 0 32 0 0 0 0 0 63 0 62 52 15 0 104 34 30 6 118 39 12 24 0 27 18 0 0 72 0 0 15 4
0 72 0 48 0 32 20 0 0 0 0 0 0 0 24 0 0 0 8 8 1 18 0 72 0 0 0 32 0 0 0 42 42 0 12 0 12 0 0 0 47 0 2 0 0 0 0 0 0 0 54 0 0 64 0 0 42 0 16 0 0 0 0 0
72 120 0 91 0 67 45 0 25 16 43 0 25 0 24 18 0 1 0 22 47 0 0 160 0 0 0 107 54 0 0 40 0 0 10 12 20 20 0 0 75 0 0 37 8 30 0 0 32 0 30 42 56 100 0 68 10 0 48 84 0 24 0 3
56 18 5 34 0 15 0 0 50 47 40 0 0 30 0 36 15 0 4 8 0 25 15 3 15 10 0 40 0 0 18 15 0 0 0 57 25 40 0 0 21 0 0 45 16 0 0 6 64 0 21 47 45 0 0 85 0 30 24 51 0 48 16 9
54 0 10 0 48 25 0 78 42 0 0 54 0 0 30 0 0 42 0 0 0 6 0 0 36 5 0 30 43 0 0 0 0 0 0 0 0 10 0 0 0 0 0 0 0 18 0 30 30 16 54 48 12 0 0 0 0 0 0 0 0 0 0 0
0 7 6 0 0 15 48 0 12 0 0 0 4 0 73 0 0 0 0 0 0 0 9 0 0 9 0 9 77 21 0 9 0 0 0 0 0 0 0 0 0 0 8 34 0 0 0 14 0 0 42 63 12 0 0 0 11 18 0 27 0 0 0 20
75 42 0 0 64 0 0 102 136 0 20 0 0 0 0 30 0 7 0 0 49 0 0 0 0 0 45 0 0 0 0 0 0 0 0 15 0 40 35 0 0 0 0 7 0 15 0 46 40 0 72 0 16 0 40 20 25 0 0 5 0 40 60 56
9 0 0 6 8 0 24 100 126 7 0 0 0 0 16 0 0 0 32 35 0 35 0 0 0 0 71 0 32 12 0 0 0 0 32 78 52 56 49 0 0 63 64 0 23 0 96 15 5 35 40 36 9 0 96 3 12 62 0 0 0 16 63 74
0 0 0 28 0 0 20 3 42 0 28 12 20 0 0 36 0 0 0 8 32 0 0 36 0 0 6 32 24 24 0 0 0 0 8 0 16 16 0 0 0 0 0 16 0 40 0 0 0 0 24 0 12 16 0 21 0 0 16 60 0 48 0 8
0 63 0 0 54 8 0 72 7 68 0 0 16 0 72 6 0 0 68 0 0 0 0 24 0 0 46 0 119 84 72 36 105 0 16 0 0 56 0 0 0 0 92 40 12 0 36 0 8 71 0 0 0 72 0 100 73 24 48 29 32 8 6 0
7 0 0 0 0 0 7 36 0 7 0 0 0 0 0 0 8 0 0 35 6 35 0 0 4 0 0 0 0 0 36 0 0 0 4 0 0 0 0 4 0 0 28 0 7 0 63 0 4 41 0 0 0 0 0 36 0 14 24 0 16 0 0 14
0 36 0 38 0 12 0 0 0 0 0 0 0 0 0 28 0 0 0 0 0 9 0 30 0 0 43 0 0 0 35 45 31 0 6 27 6 0 0 0 16 0 32 8 0 0 0 6 0 61 68 0 25 0 8 24 21 0 0 0 0 0 0 9
57 45 17 0 0 0 35 14 81 21 56 0 0 42 0 0 21 63 0 0 0 59 51 0 21 0 0 14 28 0 0 0 56 0 16 42 59 91 0 5 0 18 9 0 0 0 81 0 0 56 72 75 0 0 0 45 56 0 0 0 0 0 0 0
0 63 54 16 9 54 0 69 54 0 30 0 0 0 0 0 0 0 16 0 2 0 54 0 0 0 0 30 15 27 0 16 0 9 0 63 0 0 6 0 14 0 78 38 0 0 0 6 0 15 0 0 0 12 0 16 32 23 48 8 48 0 0 0
20 0 14 10 18 35 0 0 5 20 54 9 0 0 69 0 0 30 10 5 0 0 0 0 0 7 0 0 49 9 45 0 0 0 0 15 0 0 0 0 15 0 18 0 10 0 0 0 40 0 0 35 0 30 0 40 0 0 15 0 45 0 40 0
0 0 16 0 0 0 0 0 0 2 0 0 0 0 0 0 0 0 6 0 0 0 0 0 0 4 0 0 8 8 27 0 0 0 0 0 0 0 0 5 9 0 0 0 8 0 0 40 0 5 0 21 0 3 3 24 9 0 0 4 0 8 24 0
2 0 0 0 0 0 0 79 18 63 4 9 0 12 0 0 0 74 0 0 0 1 0 0 6 0 18 5 55 0 0 36 0 0 16 48 36 41 46 0 0 81 0 0 0 3 34 0 21 61 24 8 0 0 16 4 5 0 0 63 28 35 34 50
0 0 3 0 0 0 35 0 0 17 24 8 0 18 24 0 9 0 8 0 0 29 9 0 9 16 0 30 32 15 36 24 0 0 0 18 71 24 0 14 47 0 16 72 0 0 0 0 0 20 0 37 0 49 0 0 0 48 0 88 40 0 32 0
0 95 29 28 0 27 12 21 27 6 16 0 8 12 0 0 6 0 0 0 0 10 33 0 6 0 49 4 0 0 49 0 0 0 0 66 10 16 0 0 0 0 88 32 0 0 0 0 0 63 28 6 0 0 0 21 14 3 24 0 24 0 0 0
54 0 0 4 40 0 3 45 35 1 0 0 12 0 0 0 0 30 4 5 0 5 0 3 0 0 8 0 32 0 7 0 0 0 4 0 0 40 0 21 0 0 0 0 2 0 90 25 43 90 49 0 10 0 0 3 36 8 0 0 0 21 0 2
30 54 0 0 72 0 0 0 65 72 0 0 0 0 45 28 2 42 16 32 49 0 15 0 0 0 56 0 0 16 10 63 64 0 2 0 0 0 56 0 0 0 69 7 26 0 30 0 0 56 23 58 20 0 0 33 0 0 0 0 49 0 62 94
0 0 0 0 72 0 0 0 35 72 0 0 0 0 0 30 0 0 16 0 0 0 0 0 0 0 56 0 0 0 0 0 64 0 0 0 0 0 0 0 0 0 48 0 0 0 0 0 0 48 0 0 0 0 0 0 0 0 0 5 0 40 8 0
20 54 16 10 54 0 45 0 5 86 32 0 0 24 0 0 12 0 12 5 0 20 48 75 12 0 42 8 48 0 0 0 48 0 0 39 20 32 0 27 0 0 36 32 10 0 0 0 58 36 0 12 0 32 0 40 6 0 15 72 0 21 6 0
0 6 0 0 0 0 0 63 0 6 28 6 0 0 0 0 0 1 0 30 7 30 0 0 0 0 0 0 0 0 0 0 0 0 0 0 36 0 0 0 0 81 0 1 6 8 0 0 0 30 0 0 6 0 0 28 35 12 0 0 0 0 0 19
0 6 6 0 0 0 42 45 4 0 0 81 0 0 28 0 1 63 0 0 0 9 0 0 54 0 0 45 56 29 14 0 0 0 1 0 0 0 0 0 0 6 7 0 3 27 0 14 1 0 42 135 0 0 0 9 13 0 6 0 4 0 3 15
0 0 16 14 0 40 0 0 0 7 14 0 10 0 48 0 0 0 0 35 16 35 0 0 0 32 0 0 56 0 0 0 0 0 4 0 8 8 0 0 0 0 72 0 7 12 0 0 0 35 12 0 0 24 0 0 0 30 0 0 0 0 24 14
0 0 0 4 0 0 0 36 0 0 0 81 49 0 48 0 0 63 14 0 0 9 0 48 54 32 7 45 0 128 70 72 16 0 0 0 0 0 0 40 21 24 0 0 14 51 0 0 0 9 4 145 56 52 24 3 72 0 0 0 0 56 77 0
63 0 45 0 56 50 0 98 94 0 0 0 10 0 45 0 0 0 25 0 0 0 45 0 0 0 0 0 0 35 0 0 0 0 0 0 0 0 0 0 0 0 0 25 5 0 0 35 35 0 63 0 14 45 0 0 25 5 40 0 40 0 0 0
