12 17 20 20 20 18 13 17 18 16 15 11 18 19 19 14 14 18 20 15 17 13 16 13 14 19 18 15 15 16 16 15 15 14 15 15 18 16 21 15 13 15 18 15 19 22 20 17 15 20 17 9 16 17 16 17 17 17 15 18 16 20 21 18
16 16 19 17 19 15 13 15 15 16 12 13 17 11 16 16 13 15 16 11 10 14 15 13 15 20 13 15 16 13 12 13 14 19 13 15 12 13 19 13 14 14 16 15 21 16 17 8 14 15 15 15 16 19 16 12 15 16 14 14 16 15 19 11
19 20 22 18 17 20 19 19 17 17 17 14 22 13 26 17 15 17 21 16 18 17 21 21 15 17 17 18 16 16 13 20 16 17 16 13 13 18 24 15 16 19 18 16 19 22 16 17 16 23 21 12 17 21 14 19 21 18 10 21 14 16 21 17
11 10 15 13 15 10 14 14 16 11 11 14 16 13 16 11 14 14 15 10 12 12 11 12 10 18 13 12 11 15 11 12 11 14 14 13 10 11 16 9 14 8 15 10 15 13 11 8 14 18 13 8 11 15 13 14 15 12 13 12 16 12 17 10
14 16 18 15 18 15 13 15 17 18 17 15 21 16 21 15 15 17 13 12 14 12 15 17 16 16 15 15 12 15 16 18 14 14 14 14 15 13 19 10 17 14 13 11 22 18 19 15 12 18 17 9 14 18 13 16 21 17 11 16 14 11 17 15
14 14 22 19 22 19 13 19 21 18 15 19 23 15 26 17 17 17 19 15 15 13 19 18 17 22 21 17 17 18 16 14 13 15 17 14 17 17 25 16 15 16 18 15 21 17 18 12 16 23 18 13 16 19 13 20 20 19 18 17 18 19 22 14
14 17 18 18 18 16 12 17 12 16 13 12 17 14 18 14 11 12 15 11 14 12 13 11 13 21 12 20 13 15 16 16 14 12 15 13 15 12 17 12 10 11 13 12 22 15 16 14 15 15 15 13 17 20 14 14 16 14 13 13 15 15 16 14
14 15 19 21 18 17 17 22 17 20 11 17 24 16 21 16 17 20 18 17 15 19 16 12 20 22 18 15 21 19 15 18 14 17 14 15 20 16 25 15 12 13 17 16 21 22 20 15 15 22 18 9 19 21 14 18 21 19 11 15 17 18 19 15
14 18 20 25 21 18 19 20 18 20 18 18 23 16 26 20 18 20 18 16 20 17 18 16 17 24 15 23 17 20 16 21 20 16 14 14 20 17 21 15 14 16 16 16 23 22 22 16 13 24 19 14 22 24 15 21 23 19 15 19 19 17 22 15
17 15 20 22 18 17 14 17 15 19 18 17 19 11 20 19 16 18 16 15 16 15 15 16 17 19 16 16 14 15 11 16 16 20 13 16 18 15 20 16 15 13 16 14 19 19 16 10 14 17 15 12 18 19 12 16 20 16 14 13 15 16 17 15
20 19 22 21 21 18 19 16 20 19 20 22 25 16 20 20 16 17 19 14 20 16 18 21 14 17 19 19 15 19 19 22 15 22 18 18 17 18 22 16 18 18 19 17 22 20 22 15 17 27 22 12 15 22 16 19 21 17 15 18 18 17 22 16
15 16 21 18 23 21 19 21 18 18 19 19 27 20 21 20 20 19 19 13 18 18 18 17 15 19 17 18 18 16 15 18 22 14 17 14 20 15 25 17 17 14 20 19 22 19 20 13 15 21 15 15 18 18 13 22 23 20 18 20 20 18 22 14
17 23 25 22 25 22 15 21 21 21 19 19 25 22 25 18 17 23 22 16 20 20 19 17 20 25 21 18 18 22 21 21 17 21 17 17 21 20 26 16 17 14 21 18 25 24 19 14 19 25 19 16 16 23 21 18 25 20 18 15 21 20 23 13
16 15 20 16 21 14 12 15 17 18 18 16 16 16 24 18 17 17 18 14 17 12 14 17 14 19 15 15 13 17 16 15 15 17 14 16 15 13 22 10 17 15 18 10 24 17 16 13 15 22 15 11 13 19 15 16 22 14 15 17 14 14 21 15
13 16 19 16 16 15 13 17 16 16 11 11 14 14 21 11 14 17 17 13 14 15 16 13 13 19 12 15 14 14 9 16 16 14 14 13 16 14 21 10 12 13 15 10 18 20 16 13 17 17 13 12 17 17 14 14 14 17 13 15 17 16 20 14
14 17 19 18 20 15 15 17 17 17 15 16 16 16 19 18 15 16 16 11 15 14 14 15 16 19 14 11 14 16 12 19 17 15 11 16 16 13 20 11 16 13 18 10 22 18 19 13 15 18 15 13 15 18 17 17 23 13 14 18 14 15 18 16
12 10 11 17 13 15 16 14 15 13 8 9 18 13 15 14 13 15 13 11 15 14 11 13 11 13 12 12 13 9 9 16 11 14 12 8 13 10 16 9 9 10 16 13 16 15 16 12 10 17 11 8 12 18 16 12 15 15 11 13 13 11 18 10
21 19 22 20 21 22 16 20 19 21 22 19 28 21 26 22 19 18 24 15 23 18 18 17 16 19 14 22 16 22 19 24 17 23 19 18 18 16 21 17 21 17 17 17 27 18 21 18 15 23 20 14 17 21 12 21 26 22 15 22 14 19 19 17
14 13 18 16 18 19 16 16 18 16 13 16 19 16 20 19 16 19 14 14 16 19 13 16 15 19 13 13 15 17 11 19 16 19 16 14 15 14 21 11 18 11 19 11 20 18 18 12 12 17 16 15 14 20 13 16 21 15 14 15 16 14 15 12
13 18 21 20 17 17 18 18 22 16 15 17 23 17 20 17 13 19 19 14 17 17 19 14 16 22 19 15 16 15 16 17 14 18 14 17 17 17 20 15 16 18 16 17 19 19 21 15 19 22 23 12 15 20 15 16 20 19 16 18 19 18 21 15
13 20 27 20 24 23 17 16 22 19 17 17 23 21 23 17 19 17 19 14 22 17 19 20 15 21 21 19 15 19 20 18 15 16 19 19 23 17 26 15 17 17 21 17 23 19 20 13 19 22 19 15 17 18 14 19 21 22 22 17 19 20 23 20
8 12 16 20 14 16 15 14 13 12 16 13 18 14 14 17 14 16 13 9 17 14 12 14 12 16 11 15 10 15 13 17 15 14 11 15 18 12 17 15 16 13 16 12 17 16 16 7 12 12 12 11 11 16 9 11 17 16 13 13 13 19 13 15
14 13 15 18 16 12 14 17 16 16 12 10 12 15 19 14 11 14 13 13 15 11 13 14 17 21 17 14 12 15 12 16 13 15 11 13 15 12 20 12 15 13 15 10 18 15 18 14 15 17 14 11 15 21 13 16 20 12 14 16 12 17 18 13
18 14 22 12 21 18 16 18 18 22 17 14 22 15 22 17 16 17 15 13 20 13 15 14 16 18 18 18 14 16 19 17 13 17 16 15 19 15 21 15 18 14 17 17 22 14 17 8 16 22 18 13 12 17 12 18 21 18 17 12 12 17 16 11
19 19 22 22 21 21 15 19 16 19 21 16 24 17 19 18 15 18 22 15 18 18 16 20 18 19 19 19 15 17 17 19 17 18 16 15 19 16 23 15 14 16 19 14 19 18 20 15 18 21 16 14 16 19 13 16 22 17 13 18 15 17 19 19
16 19 24 18 18 16 18 17 17 22 16 17 20 20 25 20 17 19 18 16 17 16 18 17 18 24 20 18 17 19 15 20 14 14 16 16 18 14 21 13 15 16 18 18 26 20 20 16 19 22 19 12 19 21 18 20 22 18 14 19 16 20 22 17
13 12 16 16 14 14 16 15 14 12 12 10 15 15 17 12 12 17 16 11 16 14 14 16 17 16 17 12 14 12 8 13 10 13 11 12 12 12 17 10 13 13 16 14 16 15 13 12 18 15 12 10 10 16 14 12 18 12 13 15 11 13 18 12
16 22 26 23 20 19 17 17 18 19 18 17 22 16 23 14 17 17 23 13 22 18 17 20 15 24 19 19 14 22 19 17 15 18 18 20 20 18 26 14 14 17 22 17 21 20 20 15 21 25 20 15 16 22 16 19 21 20 20 16 16 19 24 21
11 15 16 11 16 17 14 12 12 10 17 11 16 14 13 13 10 16 14 10 13 14 13 13 9 14 13 14 11 14 12 16 13 13 11 10 13 11 16 15 12 15 14 13 16 12 13 12 12 14 11 10 9 13 9 9 14 14 11 16 15 15 16 9
14 14 19 16 18 14 13 10 14 18 13 12 16 16 19 15 16 13 18 10 13 14 13 14 13 12 16 15 10 15 17 12 11 17 13 16 17 10 18 7 12 9 14 17 19 10 15 13 14 21 18 7 13 14 12 15 18 14 14 12 11 14 16 13
16 20 22 23 20 19 17 19 18 19 16 20 24 20 19 14 18 18 20 14 18 18 16 18 17 22 15 15 16 19 15 21 14 19 16 17 19 18 23 14 19 15 21 12 20 18 19 12 19 22 19 13 16 19 18 20 20 18 16 19 18 19 19 20
14 15 21 20 18 21 18 14 20 20 14 16 21 14 21 16 15 18 16 14 19 16 15 17 15 19 16 19 17 18 15 19 14 15 15 13 19 14 21 13 15 17 18 13 18 20 20 15 14 17 16 15 20 19 15 19 20 16 16 16 15 14 20 16
15 15 20 15 16 15 15 16 17 18 16 16 20 17 18 17 14 20 17 11 14 13 17 11 12 19 17 13 14 15 16 14 13 16 17 18 18 11 18 16 14 15 16 17 22 17 17 12 19 20 18 7 15 18 13 13 15 17 15 14 20 20 17 15
15 18 19 20 19 16 14 15 19 16 13 11 18 12 19 19 15 14 16 11 20 14 16 14 14 20 16 15 16 15 14 12 12 18 16 15 16 15 20 16 12 12 17 14 20 20 16 13 15 20 17 12 16 21 14 15 19 18 13 13 17 18 20 14
16 16 22 21 18 19 15 20 19 12 16 16 19 19 18 18 18 21 17 16 19 14 15 14 15 21 15 17 14 16 13 18 13 14 15 16 15 9 21 14 14 11 18 15 21 19 15 11 16 20 12 12 14 19 18 12 19 16 10 14 17 18 21 18
17 16 19 17 16 15 16 15 16 18 14 16 22 21 19 17 16 17 19 15 19 20 13 14 13 15 15 13 14 16 14 22 11 18 17 14 16 13 19 14 15 13 16 15 20 16 17 14 17 21 14 9 15 19 14 19 20 21 15 21 12 18 20 14
13 18 21 21 17 15 18 19 14 16 16 18 21 19 19 20 14 16 19 13 19 16 14 16 16 20 16 16 13 19 15 23 16 16 12 16 17 14 16 14 15 14 18 16 21 17 15 12 18 18 19 13 14 21 13 16 19 18 13 19 14 20 17 16
15 15 18 21 22 20 12 16 16 18 15 13 19 17 18 12 14 14 15 15 16 14 15 11 12 18 15 15 15 17 14 17 12 19 17 11 21 11 20 14 14 12 15 13 17 16 15 15 13 18 15 8 16 13 11 15 20 17 16 17 17 20 17 14
15 14 17 16 21 18 12 14 15 16 13 13 19 14 17 16 12 14 15 14 10 15 14 13 15 17 14 11 18 11 11 14 12 16 15 10 13 14 19 10 11 10 14 10 19 14 16 13 11 16 14 11 16 18 10 17 18 17 11 15 15 10 16 11
14 14 19 19 18 18 18 16 17 19 15 17 22 18 19 18 15 16 16 17 18 15 12 13 13 20 18 15 20 18 14 22 12 16 17 12 19 12 18 14 11 14 18 16 22 19 20 17 13 22 14 9 19 19 13 19 21 19 14 20 14 17 22 15
18 19 22 18 21 18 13 13 21 21 14 18 18 20 20 20 15 17 19 14 18 14 14 17 16 18 17 16 11 21 15 19 10 18 15 16 17 12 18 13 14 15 17 15 23 18 16 18 16 23 19 13 16 20 18 16 19 18 16 17 13 15 23 17
17 19 22 17 20 20 16 18 20 22 15 17 24 17 26 17 13 19 22 15 17 18 20 15 16 21 15 16 17 16 15 20 16 18 18 16 18 17 23 15 14 15 14 13 24 21 20 16 17 22 16 15 19 19 15 19 21 18 15 19 20 16 20 14
18 17 24 22 25 21 14 16 23 21 17 18 26 18 26 21 17 17 21 17 20 19 18 16 15 22 18 18 20 19 18 21 19 25 19 17 22 17 24 19 18 14 19 18 23 21 22 16 16 24 25 14 19 21 15 23 23 18 19 19 18 21 21 17
19 18 21 17 20 20 17 18 14 18 18 15 21 17 23 20 16 15 17 13 17 18 17 19 16 20 16 16 17 14 17 18 17 19 16 17 19 16 20 13 16 15 17 15 25 16 20 14 17 22 20 12 17 21 13 19 24 15 16 16 17 16 18 16
12 12 17 17 17 10 11 14 15 14 17 15 17 14 16 16 10 15 15 8 14 11 12 15 10 18 15 14 8 15 13 14 12 17 14 15 13 15 18 12 16 13 13 11 16 16 17 13 14 20 15 11 10 16 11 12 16 14 9 15 16 13 17 11
17 17 20 20 21 18 16 18 21 17 14 16 25 16 21 16 17 16 20 16 20 19 18 16 16 20 19 16 19 16 14 20 13 17 20 15 19 18 24 13 17 16 20 16 20 22 19 14 16 19 17 14 18 19 15 19 23 21 18 19 18 18 20 16
14 18 19 19 20 23 17 17 21 17 18 17 20 17 20 17 11 19 20 14 19 17 13 16 15 22 18 15 18 17 10 19 16 19 15 15 18 17 20 13 16 15 19 11 19 19 15 16 19 18 12 12 12 18 16 15 19 17 15 19 16 16 22 14
16 15 17 17 17 15 12 16 14 20 11 10 17 10 20 12 13 13 16 14 18 12 13 11 12 17 15 16 16 13 13 16 10 16 13 9 18 16 19 14 11 12 14 16 19 18 18 11 17 19 14 10 12 19 12 13 15 18 12 15 12 17 16 11
18 12 20 19 20 18 17 21 18 23 15 18 26 15 24 16 16 19 17 9 17 16 16 14 14 18 15 15 16 18 17 21 15 20 20 17 18 11 20 13 17 12 16 12 23 17 18 14 15 23 18 10 15 18 16 20 25 19 15 15 14 16 16 15
13 15 19 14 14 16 14 15 18 14 16 16 23 20 21 14 17 16 20 13 20 15 13 15 11 18 15 16 10 19 16 19 12 12 13 15 17 14 18 14 15 14 16 15 20 16 17 13 14 21 18 10 14 14 11 20 18 19 14 13 14 14 17 15
11 15 18 18 13 14 12 17 12 15 13 14 19 13 17 14 13 16 17 12 17 13 16 13 17 16 14 15 12 16 9 17 13 11 10 12 14 16 15 10 10 15 14 14 14 17 14 11 12 16 14 11 13 16 12 13 15 18 10 13 10 15 17 13
14 17 19 16 16 14 15 17 15 20 17 15 21 15 20 14 14 16 20 9 18 13 16 16 13 20 14 18 8 18 16 18 16 17 11 19 17 17 20 15 16 17 17 14 21 17 22 12 18 21 15 16 12 15 14 15 20 16 15 17 15 17 19 15
15 16 18 18 17 17 16 18 17 19 15 16 21 15 23 15 12 16 19 8 19 15 15 12 12 19 15 19 13 20 18 16 15 14 17 15 16 15 21 14 13 14 14 12 21 16 15 14 14 24 19 12 17 19 15 20 19 16 15 11 14 14 16 12
20 18 26 23 25 24 18 22 23 19 23 21 26 21 23 19 19 22 19 16 23 18 18 19 16 25 19 19 17 21 17 23 17 23 20 22 23 16 24 19 25 19 19 15 25 19 20 14 18 21 18 14 17 21 18 18 24 20 21 20 21 22 22 20
15 20 20 19 15 16 18 14 18 19 18 14 19 15 25 15 14 16 17 15 19 14 19 18 15 19 17 15 15 18 12 18 13 14 13 14 18 16 20 14 13 19 16 14 21 19 18 14 16 20 18 12 19 17 13 20 20 17 14 17 14 16 17 15
19 20 24 18 24 22 16 15 17 22 17 19 22 15 20 21 12 16 17 11 17 18 18 18 14 16 19 17 15 15 17 19 15 18 15 18 21 13 19 12 16 13 17 19 21 19 15 16 19 19 19 14 15 18 16 17 23 16 15 18 18 17 19 16
19 22 25 22 19 21 19 15 19 16 18 13 21 21 24 18 19 20 20 18 21 20 19 20 15 20 17 18 17 18 16 20 16 18 17 17 19 15 23 15 16 17 20 17 24 19 18 16 15 21 23 17 23 22 16 20 19 21 16 20 19 18 21 19
18 19 23 17 19 21 14 15 17 18 18 14 25 17 21 15 12 17 20 12 16 17 21 18 13 20 18 18 16 17 19 15 14 19 17 18 18 15 22 18 15 17 15 16 21 16 20 16 17 22 20 14 17 17 13 17 19 18 15 18 18 18 19 15
16 17 22 21 16 17 18 18 15 17 16 18 26 21 22 19 19 17 24 14 18 18 18 16 16 19 13 21 16 16 16 19 16 16 19 16 17 17 25 11 15 16 21 18 25 18 23 11 18 23 16 15 20 18 16 18 18 21 14 20 17 16 23 16
17 14 21 13 21 16 15 14 16 22 15 15 20 13 23 19 12 11 17 11 19 15 14 14 12 16 15 16 14 16 15 18 14 21 17 14 18 14 19 15 15 14 15 15 24 15 17 11 15 21 17 13 17 19 11 17 19 14 16 13 14 12 17 13
13 14 16 19 16 17 16 17 16 14 15 16 19 17 17 17 13 19 15 14 15 17 15 14 14 18 15 18 14 15 12 19 15 14 9 13 16 12 19 14 14 11 12 11 17 18 16 15 14 16 15 11 13 18 10 15 19 13 8 17 17 15 16 11
17 17 20 17 21 17 12 17 18 20 12 15 18 14 19 18 13 13 15 12 16 13 15 13 16 20 18 14 15 15 14 18 10 17 14 13 18 14 19 15 15 14 13 16 21 16 19 12 15 19 16 12 17 22 15 15 20 18 17 15 16 16 18 13
22 16 20 20 20 18 16 19 16 22 14 17 23 15 22 16 17 15 17 15 19 15 18 15 15 21 15 21 13 16 18 20 13 20 16 14 21 14 22 14 18 15 18 17 23 16 21 13 17 22 19 14 17 19 15 16 23 19 18 16 17 17 20 15
14 15 18 16 16 17 13 15 16 16 14 12 18 13 19 13 14 14 19 11 14 13 15 14 14 20 16 12 17 16 15 14 13 18 16 15 15 15 21 11 14 14 21 13 16 14 18 11 16 19 15 11 13 17 13 16 20 15 16 14 12 19 16 14
