0 0 0 0 0 0 0 0 0 0 0 0 12 21 30 5 0 42 9 1 8 8 18 5 7 40 45 0 54 8 30 56 20 0 1 0 30 0 32 0 56 12 8 37 0 4 0 0 14 45 0 15 0 42 0 0 0 0 0 15 42 20 6 24
0 0 0 0 18 1 0 0 0 14 0 0 42 0 0 0 0 0 0 12 0 3 0 8 0 113 0 0 0 0 48 3 28 0 72 0 66 0 25 63 7 0 30 0 0 0 21 28 0 72 0 24 0 0 0 27 0 0 0 0 66 104 0 0
0 81 24 63 9 63 0 32 14 20 0 0 4 27 51 0 28 0 32 0 63 0 0 0 0 0 4 129 66 27 0 25 36 0 0 0 12 0 49 0 64 33 45 40 0 0 0 0 14 0 14 79 81 0 0 12 6 21 0 8 0 0 12 36
64 16 0 0 36 0 0 0 0 6 0 0 34 18 40 0 0 56 0 24 0 0 0 0 0 93 0 0 16 0 0 56 12 0 0 0 58 0 3 27 3 34 42 0 19 0 42 36 0 12 27 0 0 56 0 0 0 8 0 0 0 0 0 0
0 20 0 0 0 0 0 0 31 24 0 0 0 0 0 4 0 0 0 36 0 0 0 0 8 12 0 0 2 28 0 16 0 2 0 0 0 36 0 0 0 0 3 0 5 0 0 42 12 19 0 26 6 0 2 0 27 0 0 12 0 0 0 0
0 35 49 36 0 32 0 36 36 8 148 0 15 26 0 0 0 0 8 35 24 21 36 0 30 22 0 61 0 0 28 30 20 35 0 0 48 0 5 64 16 34 71 36 20 36 32 110 0 49 63 56 35 20 16 0 105 5 40 28 84 0 0 35
0 0 6 0 0 0 0 0 54 0 0 0 0 72 0 0 0 0 0 0 0 0 0 0 72 0 0 66 54 0 32 18 48 0 0 0 0 0 19 0 72 12 16 45 8 86 0 0 0 0 0 0 0 63 18 16 0 72 0 30 0 0 0 0
0 29 3 18 0 4 0 21 27 0 4 0 0 9 0 0 42 6 18 5 0 3 0 6 21 0 28 33 2 12 0 16 12 20 0 0 0 0 3 15 0 6 0 45 62 15 4 44 12 18 24 6 142 16 8 4 6 16 0 15 0 0 9 0
0 0 0 0 30 0 0 0 42 12 5 0 12 7 33 1 24 8 3 20 0 0 0 0 5 0 31 51 36 35 0 12 0 1 0 0 35 5 53 0 48 5 89 30 0 0 40 0 42 0 18 0 0 0 0 7 28 0 0 29 0 0 36 53
72 80 56 0 0 0 35 0 103 49 24 0 0 0 0 9 49 0 0 121 0 0 0 0 18 81 0 0 0 63 0 0 0 0 0 0 0 81 0 0 0 0 0 72 0 0 0 131 0 65 81 45 45 0 0 32 0 9 0 63 0 0 0 0
0 0 0 0 18 16 0 0 35 0 0 16 0 0 0 5 0 20 0 45 0 0 36 0 10 0 0 20 0 35 0 0 0 0 0 0 0 57 36 32 0 30 0 0 0 0 16 15 0 5 0 25 0 0 0 24 32 42 0 15 32 0 0 0
0 0 0 0 9 0 0 36 0 4 0 135 66 0 35 0 0 0 45 0 0 63 0 45 45 14 0 49 7 0 0 56 8 7 0 0 0 0 2 18 2 0 0 0 54 63 0 8 42 0 63 21 49 0 7 0 0 14 0 18 63 0 0 0
0 0 0 0 0 0 0 0 0 6 0 0 30 0 30 0 0 42 0 0 0 0 0 4 0 53 0 0 12 0 24 42 12 0 0 0 12 0 11 27 3 12 0 0 0 0 0 12 0 36 0 12 0 42 0 0 0 0 0 0 32 16 0 0
0 0 0 0 0 0 0 54 0 0 83 63 0 0 41 0 0 64 0 3 24 24 0 0 23 27 4 67 0 14 48 0 54 8 3 0 0 6 6 0 0 76 69 6 0 0 6 81 0 0 63 0 28 0 0 80 12 0 0 0 56 0 0 18
2 0 7 0 10 8 0 16 91 4 2 32 28 21 6 9 8 0 20 22 0 34 0 20 24 15 4 26 6 14 16 2 12 0 0 0 7 18 17 2 8 15 32 5 24 35 15 8 14 2 6 10 1 0 0 13 6 0 0 57 0 0 12 0
0 0 10 42 0 0 0 0 0 0 37 0 18 6 10 0 0 10 12 21 0 1 42 0 35 0 0 0 0 0 40 6 30 3 0 0 56 30 5 0 0 6 35 0 15 0 8 10 0 6 0 67 0 0 0 20 0 0 8 18 4 0 0 0
0 0 0 0 42 42 0 0 0 6 0 0 18 18 0 0 0 0 0 28 0 0 0 0 0 21 0 0 12 0 0 0 12 0 48 0 79 0 15 27 3 0 49 0 0 0 49 12 0 0 0 0 54 0 0 18 0 0 0 0 0 48 0 24
0 28 10 0 28 60 10 42 0 14 134 36 0 0 30 0 14 28 0 0 0 24 0 0 0 45 0 28 0 0 0 0 0 0 0 0 0 30 0 0 0 52 70 0 24 45 32 71 0 0 63 25 31 0 0 22 0 10 0 12 37 0 0 0
0 8 14 0 0 16 0 0 36 0 54 0 0 12 10 0 0 0 0 44 16 22 0 6 14 48 0 16 0 0 36 36 12 18 2 0 0 30 12 32 0 0 51 4 12 20 16 12 0 60 9 43 5 0 0 0 32 0 48 24 104 24 0 0
0 0 0 0 36 24 0 114 0 2 0 72 60 0 24 0 72 0 69 0 0 96 0 45 111 28 72 34 0 0 0 12 4 18 0 0 0 0 9 94 1 45 36 0 75 0 20 7 0 0 78 0 66 0 18 36 52 63 0 18 48 0 27 0
0 33 36 0 28 28 8 27 0 32 71 0 0 9 24 0 30 28 0 0 0 0 0 0 8 0 16 71 6 56 0 48 0 6 0 0 18 5 0 0 0 0 0 0 14 0 5 0 36 0 0 42 18 0 6 14 10 0 0 0 0 0 0 72
0 0 0 0 0 0 0 0 2 16 0 0 0 16 0 0 0 0 8 0 24 16 0 9 0 80 0 0 0 0 82 0 0 20 8 0 5 0 18 0 16 0 2 36 20 36 0 0 0 81 0 27 0 0 16 3 50 0 0 0 72 44 0 0
0 0 0 0 0 0 0 0 0 0 0 0 0 18 0 0 0 0 0 0 0 0 0 0 24 0 0 0 0 0 0 0 0 0 0 0 0 0 0 0 0 0 2 0 1 7 0 0 0 0 0 0 0 21 6 0 0 24 0 0 0 0 0 0
4 0 0 0 55 7 0 4 9 72 0 8 15 3 0 14 0 5 11 43 0 7 0 5 21 36 0 0 32 0 0 10 0 0 96 0 103 0 23 4 40 0 86 73 6 0 67 5 0 3 0 56 11 0 0 24 81 0 0 11 0 64 0 4
0 0 0 0 0 0 16 0 0 14 0 12 42 0 0 0 0 87 0 2 16 16 27 0 14 49 0 108 24 0 10 8 76 9 2 0 0 9 47 63 39 63 16 24 0 0 2 28 0 0 0 0 0 0 0 67 0 0 0 0 0 14 0 0
0 5 18 0 36 0 0 0 0 0 3 0 0 0 18 4 0 0 0 29 0 0 36 0 0 0 36 0 0 16 0 0 28 0 0 0 78 54 0 0 0 0 105 9 18 8 42 5 28 0 0 45 0 0 0 4 0 0 0 0 4 0 12 0
62 12 0 15 12 48 0 0 14 4 27 0 4 0 6 21 8 33 15 0 0 0 0 0 5 63 4 30 36 10 0 12 0 2 0 0 0 0 20 78 48 10 39 60 6 0 36 0 14 0 6 0 48 0 0 20 78 7 0 8 72 0 12 0
0 0 42 6 72 0 0 46 28 28 4 0 0 0 0 4 35 0 40 72 0 0 6 0 13 0 0 126 0 28 0 0 28 0 0 0 92 36 7 0 0 44 63 0 0 0 63 12 0 4 10 54 0 0 0 24 0 42 0 12 0 0 0 0
0 84 7 42 0 56 48 54 63 48 18 0 0 99 30 0 0 0 0 14 42 2 0 0 0 0 0 26 16 18 72 18 54 6 0 0 0 0 25 0 0 0 18 0 7 35 0 0 0 0 0 42 80 0 0 36 0 2 16 35 8 0 0 32
0 0 0 0 0 0 0 70 0 0 6 0 0 4 0 1 40 0 58 0 6 4 0 0 25 0 40 0 0 0 7 0 0 5 0 0 0 0 0 25 4 0 0 9 26 45 0 0 0 0 54 5 54 0 14 0 8 14 0 0 4 0 15 0
0 20 0 0 20 48 0 0 0 0 45 0 0 0 0 0 81 20 0 0 0 0 0 30 0 24 18 17 0 0 18 0 0 81 0 0 0 1 6 56 0 0 0 0 10 0 29 9 0 27 0 9 0 72 0 10 85 0 0 0 80 12 0 0
0 0 0 3 0 0 0 0 56 16 0 18 16 65 34 1 32 1 20 0 42 28 0 0 1 0 25 62 0 2 49 0 0 35 0 0 0 0 61 0 28 30 72 69 60 63 0 0 56 0 42 0 17 0 28 0 80 0 0 37 16 0 48 8
40 0 0 3 0 0 0 0 0 0 0 0 16 0 40 0 0 57 3 0 0 0 0 0 1 45 0 0 16 2 0 56 0 0 0 0 16 0 0 0 0 16 0 6 0 0 0 0 0 0 0 0 9 56 0 0 0 5 0 0 0 0 0 0
0 55 0 0 0 50 65 64 49 70 75 27 17 111 36 9 28 4 18 62 5 33 0 2 4 0 68 89 4 0 0 36 0 18 0 0 0 4 83 0 0 0 63 36 0 0 49 29 49 0 48 0 30 0 0 16 29 0 48 58 48 0 42 56
0 0 0 0 0 0 0 0 0 18 0 0 0 36 0 0 24 0 18 0 54 36 0 0 24 0 0 18 0 0 63 0 0 45 56 0 35 6 0 0 36 0 8 81 70 109 6 0 0 0 36 0 44 0 36 21 84 6 0 16 0 56 0 0
0 25 35 54 0 35 0 0 32 0 36 0 0 15 0 1 0 0 0 9 0 0 54 0 47 0 0 0 10 7 32 0 24 0 0 0 72 9 14 0 0 0 0 0 0 0 0 43 0 36 0 59 45 0 0 16 0 0 0 3 0 0 0 20
0 69 63 0 24 24 0 0 59 4 54 0 4 0 6 0 8 24 0 0 0 0 0 0 0 0 4 12 24 0 32 8 24 0 0 0 0 0 22 0 32 0 18 20 12 0 0 72 14 63 21 0 0 0 0 28 6 0 0 8 0 0 12 0
0 0 0 0 0 0 0 0 84 18 0 0 32 0 62 5 36 49 0 34 56 56 18 0 55 0 36 54 14 29 56 49 98 0 7 0 32 27 70 0 0 14 137 14 0 85 0 9 77 3 27 15 0 49 0 28 27 18 0 45 11 0 60 0
0 36 0 0 36 36 0 0 14 4 81 0 4 12 6 0 8 36 0 7 0 0 0 0 16 0 4 12 0 0 0 0 0 0 40 8 25 0 14 0 0 0 18 4 18 0 0 0 14 0 6 0 0 14 4 33 6 16 0 8 0 40 12 0
0 0 0 0 0 14 25 0 0 35 2 0 0 34 6 4 35 0 12 0 0 0 0 0 2 0 40 0 6 14 0 16 0 2 0 0 0 0 24 0 0 0 0 0 0 0 0 0 12 0 0 6 24 0 2 0 0 0 0 20 0 0 0 58
0 0 0 0 17 0 0 69 0 0 0 40 84 42 0 0 56 30 61 53 24 59 0 25 137 0 56 0 4 0 24 32 36 4 3 0 14 0 3 35 0 0 38 6 30 0 38 30 24 18 56 12 54 49 32 12 0 56 0 64 0 0 21 0
0 0 0 0 0 0 0 45 0 0 0 0 0 0 0 0 0 0 72 0 0 0 0 0 0 0 0 0 0 0 64 0 48 0 0 0 0 0 8 0 0 0 0 0 0 0 0 0 0 0 18 0 0 0 0 32 0 0 0 0 0 0 0 0
0 5 23 15 7 0 20 4 119 70 3 8 6 21 16 8 84 61 20 81 0 7 0 9 90 32 0 14 0 66 24 0 0 7 16 0 7 120 16 0 0 35 63 63 22 35 7 29 0 44 0 120 45 0 0 53 0 0 0 61 32 16 0 0
0 0 6 21 0 73 10 0 40 14 8 0 0 6 6 24 14 32 21 0 15 24 111 5 15 40 81 18 2 50 30 16 63 2 0 0 81 28 40 72 0 0 21 67 6 18 68 8 75 45 0 36 104 7 4 0 72 13 0 0 121 20 27 0
0 63 0 49 0 0 0 0 0 16 8 0 66 0 104 2 0 135 0 0 49 0 18 0 8 65 34 42 18 85 0 70 54 9 0 0 36 8 10 72 8 76 21 0 0 13 8 32 14 0 0 49 0 63 0 66 16 2 0 0 3 0 6 72
0 0 0 0 0 36 0 28 0 0 0 0 0 36 0 3 113 0 18 0 54 36 27 27 20 0 77 18 6 12 63 2 21 126 0 0 27 0 1 92 44 0 0 86 45 87 36 9 21 0 56 0 24 72 44 0 171 0 0 0 75 0 21 0
8 0 0 27 18 0 8 0 0 0 0 0 0 0 0 0 0 9 27 0 0 0 0 0 9 9 0 9 0 18 13 0 6 0 0 0 0 0 1 0 0 30 0 54 0 0 1 0 0 0 0 0 81 0 0 30 0 43 0 0 0 7 0 0
0 0 6 0 0 0 23 2 0 7 0 63 6 0 73 8 7 8 0 3 34 52 18 4 69 28 18 81 0 8 0 0 32 24 27 0 18 18 12 0 0 0 45 42 34 4 18 4 14 0 63 57 44 0 0 0 16 0 0 0 58 0 6 0
0 0 10 0 0 0 56 49 0 0 0 0 0 0 34 0 56 0 0 0 0 21 0 0 56 21 56 87 0 0 35 0 0 18 0 0 0 30 0 35 0 0 35 0 31 0 7 3 0 0 56 25 54 0 14 14 12 0 0 0 0 49 21 0
0 0 0 0 25 0 0 58 0 0 0 32 24 0 64 0 48 0 20 0 0 84 0 20 106 56 48 67 0 0 48 0 36 48 0 0 0 1 6 30 0 35 0 0 122 0 1 8 0 0 48 0 116 0 12 52 34 61 0 8 0 0 18 0
0 0 0 21 0 0 0 0 2 16 0 20 0 0 0 8 0 32 21 0 0 0 117 0 23 8 72 15 0 46 0 0 56 0 32 0 72 15 61 0 0 0 2 90 0 16 0 0 56 0 0 56 63 0 0 0 18 0 0 0 8 0 24 0
0 0 0 0 0 24 0 0 63 18 0 0 18 18 27 0 36 0 0 0 0 0 0 0 2 0 18 66 4 0 0 32 0 4 4 0 0 0 65 48 0 18 81 6 15 0 24 0 87 0 27 19 12 0 4 0 75 0 0 36 48 0 54 0
0 0 0 0 0 0 0 0 0 0 0 0 0 0 0 7 0 56 0 0 0 0 63 0 0 0 63 0 7 28 0 56 49 14 0 0 63 0 0 0 0 35 0 0 0 59 0 0 91 0 0 21 21 0 7 49 0 10 0 0 12 0 21 0
0 0 0 0 0 8 0 0 0 0 2 0 0 43 0 1 0 0 3 0 0 6 0 0 0 0 9 0 0 0 0 0 0 0 0 0 0 0 5 0 0 36 0 0 30 72 8 2 0 0 0 0 0 0 0 0 0 16 0 5 8 0 0 8
0 30 0 0 0 0 94 54 0 90 0 0 0 54 0 0 42 0 0 7 56 56 0 0 49 0 0 30 0 0 10 0 42 0 7 0 0 0 0 0 0 0 56 14 0 0 2 0 0 0 0 0 0 0 0 4 0 0 0 0 0 14 0 0
0 0 0 12 21 0 0 0 0 0 10 0 24 4 0 0 0 14 24 14 0 0 0 0 4 0 0 0 0 8 0 0 0 0 0 0 0 0 0 0 0 35 30 24 7 49 8 10 0 6 0 8 36 8 0 28 0 51 0 18 0 0 0 14
0 0 0 0 5 0 0 20 0 0 0 40 30 0 0 0 0 0 25 0 0 35 0 25 25 0 0 0 0 0 0 0 0 0 48 0 30 0 0 0 0 0 0 0 30 0 0 0 0 0 0 0 0 0 0 18 0 0 0 10 0 48 0 0
0 0 0 0 0 63 0 0 0 0 36 0 0 71 8 0 0 0 10 28 30 31 0 0 7 7 0 71 23 0 35 64 28 48 0 0 0 0 25 0 20 38 0 45 52 45 0 1 30 0 0 15 100 0 25 0 44 0 32 0 16 0 0 36
0 0 1 9 12 0 64 0 9 0 54 24 0 3 0 9 0 33 9 8 0 0 54 0 3 0 0 110 0 6 40 0 8 0 0 0 14 18 56 0 0 4 14 18 0 5 22 0 0 0 0 45 27 0 0 16 0 0 0 5 0 56 0 0
0 5 9 0 0 32 9 1 23 0 8 0 3 6 0 3 0 4 0 56 5 24 0 9 4 65 0 16 0 0 42 0 0 0 0 64 0 4 14 0 0 9 0 32 0 10 45 16 0 70 27 21 15 0 0 3 8 0 0 22 56 28 0 0
0 0 0 0 0 0 0 0 38 24 0 0 0 0 0 6 0 0 0 53 64 64 9 0 66 12 9 0 0 39 0 0 55 0 8 0 9 45 0 0 0 0 67 16 0 2 0 15 7 5 0 25 0 0 0 0 27 0 0 15 1 0 3 0
0 0 0 0 0 0 0 0 0 0 35 0 21 14 0 0 0 0 0 0 0 0 0 0 0 0 0 0 0 0 0 0 0 0 0 0 0 0 0 0 0 0 56 0 0 0 0 0 0 0 0 28 0 28 0 0 0 7 0 0 0 0 0 49
0 61 0 0 44 36 40 77 0 48 93 64 72 45 0 2 27 36 40 0 0 56 0 49 42 28 6 10 0 0 0 0 16 27 4 0 0 0 6 36 4 0 10 6 71 35 0 19 0 0 0 17 0 24 0 18 9 0 0 16 0 0 0 0
16 103 56 49 0 49 48 0 40 0 0 0 0 21 35 0 0 0 0 0 49 0 0 0 0 18 0 54 14 21 30 7 0 0 0 0 0 0 14 0 0 0 21 0 0 0 6 64 0 56 0 49 63 0 0 12 0 2 0 0 0 42 0 28
