1320 1190 1379 1232 1362 1090 1382 1523 1178 1195 1267 1177 1169 1269 1176 1170 1212 1229 1160 1017 1187 1282 1227 1237 1123 1166 1110 1425 1036 1330 1201 1119 1119 1471 1096 1253 1246 1235 1339 1190 1247 1253 1390 1284 1123 1307 1187 1049 1397 1368 1247 1110 1247 1145 1363 1301 1368 1123 1246 1230 1126 1262 1177 1303
1778 1611 1691 1551 1824 1571 1680 1783 1513 1483 1626 1486 1372 1471 1569 1585 1539 1351 1529 1372 1478 1703 1686 1576 1424 1612 1384 1680 1374 1517 1461 1524 1399 1748 1428 1483 1491 1518 1520 1405 1630 1548 1851 1546 1388 1522 1500 1276 1845 1747 1440 1465 1580 1376 1633 1310 1388 1387 1334 1546 1536 1555 1392 1507
1634 1374 1558 1461 1737 1331 1590 1514 1430 1310 1401 1277 1411 1392 1432 1457 1269 1159 1309 1207 1325 1487 1483 1299 1132 1434 1297 1521 1355 1490 1371 1420 1315 1571 1267 1289 1301 1441 1607 1336 1492 1518 1526 1378 1159 1362 1375 1139 1590 1508 1255 1241 1378 1179 1455 1312 1340 1256 1226 1551 1425 1503 1303 1320
1395 1118 1468 1211 1373 1068 1322 1456 1317 1132 1352 1222 1256 1225 1295 1173 1134 1052 1213 1088 1106 1268 1284 1147 1121 1198 1189 1409 1088 1168 1132 1086 1198 1441 1249 1091 1178 1158 1306 1020 1178 1320 1380 1191 989 1288 1105 1066 1348 1300 1157 1002 1066 1133 1274 1117 1247 1121 1041 1149 1211 1289 1152 1242
1474 1295 1568 1310 1485 1175 1409 1576 1243 1177 1325 1230 1278 1357 1319 1189 1322 1083 1291 1233 1261 1431 1396 1237 1242 1360 1237 1480 1126 1278 1334 1341 1263 1568 1254 1386 1190 1248 1529 1196 1308 1379 1441 992 1071 1327 1163 1197 1401 1387 1326 1215 1345 1382 1372 1094 1393 1222 1172 1388 1272 1293 1249 1326
1345 1102 1136 1060 1328 988 1174 1362 1122 1187 1223 1069 1000 1193 1280 1191 1184 1130 1194 947 1070 1248 1254 1096 1045 1186 1035 1194 1049 1068 1009 1043 1017 1281 1005 1009 1039 1149 1138 1024 1155 1117 1251 1121 1102 1071 1015 962 1176 1265 1121 1015 1264 1121 1104 931 1189 986 935 1071 1085 1191 1075 1073
1454 1208 1517 1262 1428 1151 1396 1403 1240 1164 1326 1097 1257 1300 1321 1298 1247 1070 1193 1147 1212 1435 1289 1154 1210 1271 1282 1581 1146 1416 1185 1150 1109 1521 1313 1215 1169 1260 1471 1142 1385 1302 1380 1151 1004 1343 1233 1154 1506 1459 1083 1072 1229 1212 1152 1231 1290 1099 1182 1241 1193 1239 1174 1327
1371 1113 1319 1270 1357 1094 1281 1396 1336 1298 1347 1134 1155 1282 1364 1232 1214 1045 1256 1093 1156 1329 1353 1184 1063 1068 1160 1375 1188 1248 1244 1118 1123 1560 1220 1062 1215 1199 1152 1175 1230 1216 1345 1228 1076 1078 1134 1129 1379 1315 1205 1119 1213 1102 1237 1190 1318 1121 1171 1284 1236 1325 1096 1313
1443 1094 1417 1357 1665 1295 1301 1445 1164 1118 1306 1201 1264 1212 1200 1180 1352 1153 1155 999 1324 1368 1423 1168 1142 1272 1024 1470 958 1242 1113 1242 1119 1423 1110 1353 1240 1422 1276 1207 1342 1207 1371 1218 1124 1262 1285 1089 1495 1326 1197 1053 1332 1134 1227 1156 1194 1234 1052 1268 1157 1320 1239 1224
1425 1092 1318 1161 1429 1180 1348 1438 1197 1188 1255 1189 1070 1183 1129 1242 1215 1106 1175 1040 1095 1336 1333 1077 1066 1298 1049 1248 1002 1254 1086 1175 1091 1366 1027 1243 1198 1233 1260 1089 1253 1222 1296 1098 1094 1135 1185 1088 1324 1306 1282 1107 1275 1071 1156 1107 1115 1073 1084 1110 1128 1203 1197 1277
1406 1148 1342 1206 1444 1141 1358 1479 1346 1147 1310 1264 1252 1197 1323 1333 1241 1093 1195 1029 1065 1371 1413 1133 1082 1265 1092 1467 1282 1247 1302 1233 1123 1528 1128 1210 1159 1277 1382 1170 1195 1257 1368 1107 993 1220 1151 1057 1355 1410 1270 1101 1299 1265 1284 1129 1273 1121 1119 1303 1261 1308 1059 1270
1249 1012 1248 1241 1407 1139 1252 1256 1133 1045 1176 1001 986 1207 1166 1085 1084 1002 1100 1028 1089 1292 1237 936 1014 1165 1033 1396 917 1151 1078 989 1122 1417 976 1112 1091 1215 1157 1239 1192 1099 1181 1029 947 1129 1088 943 1348 1069 1126 1143 1048 1159 1098 1112 1128 990 1065 1257 1136 1164 1014 1143
1463 1272 1501 1212 1459 1300 1360 1390 1167 1239 1264 1107 1190 1265 1221 1218 1248 1087 1107 1108 1171 1322 1223 1272 1106 1299 1287 1398 1121 1293 1238 1260 1103 1431 1211 1219 1200 1285 1397 1069 1268 1210 1430 1264 1058 1283 1149 1095 1345 1394 1168 992 1268 1173 1235 1056 1284 1149 1116 1296 1143 1232 1211 1314
1420 1324 1555 1276 1612 1290 1445 1612 1328 1288 1488 1196 1349 1323 1393 1378 1329 1237 1239 1107 1278 1410 1481 1269 1291 1383 1170 1541 1083 1309 1227 1345 1247 1566 1250 1379 1337 1455 1377 1124 1386 1436 1528 1272 1159 1478 1417 1263 1478 1422 1332 1165 1368 1311 1372 1293 1348 1191 1233 1394 1339 1511 1246 1293
1475 1058 1434 1231 1486 1207 1205 1480 1318 1178 1360 1116 1183 1327 1333 1244 1233 1113 1245 1116 1136 1366 1377 1207 1146 1243 1126 1490 1199 1169 1170 1215 1177 1543 1290 1221 1202 1261 1274 1099 1258 1261 1356 1169 1051 1257 1125 1139 1421 1318 1289 1106 1117 1314 1275 1227 1296 1141 1170 1270 1258 1350 1044 1330
1551 1238 1346 1212 1447 1175 1404 1562 1249 1238 1334 1106 1248 1216 1329 1218 1294 1153 1296 1052 1147 1429 1284 1159 1078 1177 1167 1488 1248 1333 1146 1343 1100 1532 1199 1267 1256 1219 1285 1125 1305 1438 1445 1146 1118 1221 1216 1183 1471 1277 1309 1094 1450 1214 1260 1161 1258 1044 1025 1235 1271 1371 1159 1309
1644 1416 1522 1489 1707 1259 1470 1643 1345 1294 1364 1301 1371 1371 1380 1299 1379 1278 1455 1272 1232 1547 1444 1285 1243 1498 1219 1671 1297 1464 1299 1291 1295 1625 1287 1405 1349 1443 1481 1335 1522 1488 1664 1310 1246 1407 1375 1197 1576 1606 1389 1217 1387 1368 1461 1189 1457 1335 1272 1398 1379 1438 1286 1366
1479 1307 1534 1406 1579 1353 1587 1515 1225 1209 1379 1199 1202 1269 1392 1373 1313 1199 1175 1047 1368 1294 1452 1302 1161 1386 1204 1592 1106 1372 1351 1334 1153 1618 1227 1387 1376 1323 1440 1249 1318 1308 1432 1115 1147 1298 1327 1076 1545 1463 1247 1193 1493 1313 1501 1249 1347 1233 1140 1436 1277 1300 1190 1348
1672 1259 1598 1465 1615 1283 1482 1657 1436 1409 1501 1356 1330 1468 1540 1382 1456 1273 1484 1198 1313 1509 1561 1328 1284 1392 1342 1625 1234 1376 1431 1334 1351 1721 1437 1281 1204 1393 1500 1355 1460 1464 1473 1273 1173 1427 1315 1234 1470 1540 1350 1263 1352 1410 1350 1183 1355 1251 1223 1410 1399 1507 1408 1439
1368 1183 1322 1152 1444 1151 1370 1349 1048 1230 1247 1108 1187 1199 1157 1209 1121 1097 1113 1088 988 1254 1271 1153 1219 1243 987 1349 993 1249 1171 1133 963 1353 1082 1152 1066 1116 1347 974 1254 1269 1247 1038 1033 1128 1083 1074 1194 1328 1235 875 1240 1012 1145 1053 1157 1185 988 1160 1230 1183 1183 1187
1508 1189 1299 1336 1568 1221 1247 1521 1325 1439 1338 1192 1101 1242 1319 1200 1219 1202 1395 1128 1217 1447 1315 1190 1206 1285 1187 1470 1045 1177 1162 1228 1243 1507 1245 1125 1194 1209 1249 1138 1229 1263 1351 1232 1102 1261 1243 1157 1375 1345 1257 1068 1199 1215 1266 1068 1306 1222 1183 1249 1330 1393 1198 1234
1573 1250 1469 1409 1647 1290 1490 1562 1388 1433 1486 1329 1352 1484 1263 1467 1440 1224 1216 1271 1196 1728 1442 1296 1269 1427 1395 1569 1199 1484 1315 1402 1208 1609 1261 1301 1386 1366 1477 1196 1410 1532 1508 1395 1297 1317 1281 1214 1600 1530 1447 1168 1509 1292 1325 1245 1369 1159 1289 1428 1400 1513 1374 1441
1587 1222 1657 1514 1639 1369 1481 1556 1387 1379 1449 1367 1372 1334 1416 1482 1414 1220 1357 1284 1309 1631 1495 1250 1175 1409 1368 1591 1179 1404 1348 1285 1204 1675 1297 1302 1420 1500 1496 1430 1472 1372 1380 1292 1094 1389 1419 1261 1613 1452 1358 1285 1383 1279 1359 1285 1384 1234 1252 1481 1257 1476 1327 1424
1340 1421 1420 1121 1477 1216 1495 1491 1294 1357 1397 1209 1321 1382 1335 1373 1273 1305 1215 1185 1257 1447 1422 1361 1201 1332 1208 1313 1162 1422 1255 1267 1151 1428 1176 1191 1332 1325 1439 1188 1382 1314 1529 1397 1157 1296 1268 1139 1484 1482 1363 1137 1343 1232 1475 1264 1440 1191 1258 1283 1275 1366 1184 1321
1591 1201 1437 1294 1484 1219 1344 1502 1167 1194 1347 1226 1203 1237 1345 1289 1332 1109 1243 1079 1219 1387 1413 1291 1155 1339 1165 1564 1035 1253 1195 1242 1120 1452 1280 1207 1272 1276 1408 1117 1262 1326 1366 1267 1154 1198 1169 998 1432 1397 1230 1120 1417 1134 1187 1134 1142 1067 1030 1270 1243 1160 1184 1257
1582 1323 1591 1286 1638 1296 1474 1651 1327 1326 1534 1229 1448 1396 1405 1356 1358 1276 1217 1139 1250 1501 1470 1184 1262 1321 1178 1434 1264 1337 1329 1428 1234 1556 1217 1350 1356 1411 1488 1281 1440 1383 1542 1268 1248 1380 1451 1141 1507 1514 1345 1149 1498 1368 1290 1315 1392 1316 1184 1385 1320 1500 1267 1358
1491 1215 1624 1422 1585 1393 1423 1622 1369 1316 1489 1350 1402 1282 1402 1400 1409 1273 1292 1305 1313 1496 1527 1369 1226 1368 1321 1627 1205 1411 1365 1302 1334 1667 1291 1400 1302 1310 1503 1312 1470 1352 1592 1275 1193 1536 1450 1163 1723 1514 1346 1276 1471 1325 1456 1330 1400 1200 1281 1513 1292 1564 1265 1468
1460 1191 1453 1257 1412 1197 1384 1353 1305 1207 1283 1086 1263 1141 1242 1274 1161 1118 1074 1014 1072 1258 1457 1157 1101 1230 1169 1419 1114 1370 1181 1200 1105 1411 1133 1235 1241 1229 1334 942 1286 1222 1507 1063 1173 1259 1217 1046 1524 1346 1216 1075 1263 1255 1227 1123 1196 1048 1070 1365 1191 1346 1112 1256
1556 1323 1619 1416 1628 1332 1572 1804 1419 1364 1596 1410 1321 1426 1481 1430 1369 1266 1420 1220 1400 1502 1536 1397 1225 1458 1385 1517 1158 1318 1426 1421 1261 1732 1373 1418 1331 1405 1537 1346 1456 1405 1537 1381 1138 1522 1485 1378 1578 1557 1492 1345 1474 1393 1511 1211 1545 1300 1302 1462 1322 1567 1389 1540
1527 1284 1434 1297 1550 1225 1344 1429 1210 1401 1442 1173 1221 1270 1211 1329 1166 1228 1272 1121 1179 1407 1340 1309 1160 1342 1209 1406 1051 1295 1188 1222 1186 1470 1200 1206 1386 1387 1311 1177 1398 1277 1437 1214 1100 1227 1291 1145 1468 1414 1221 1102 1283 1124 1322 1236 1349 1224 1242 1363 1268 1454 1163 1209
1457 1223 1522 1242 1530 1190 1340 1530 1251 1058 1333 1262 1321 1234 1203 1160 1304 1101 1113 1080 1133 1372 1262 1146 1232 1285 1028 1415 1160 1217 1139 1203 1146 1524 1165 1310 1232 1255 1388 1153 1297 1338 1378 1128 1031 1340 1180 1184 1419 1266 1371 1103 1183 1287 1352 1263 1382 1244 1158 1364 1158 1316 1058 1286
1443 1184 1651 1435 1458 1203 1418 1423 1258 1134 1337 1273 1244 1122 1327 1295 1300 1210 1159 1012 1282 1441 1539 1301 1083 1407 1174 1573 1085 1244 1296 1205 1194 1503 1183 1276 1244 1338 1508 1170 1378 1210 1344 1079 1095 1302 1310 1187 1534 1388 1165 1271 1210 1193 1320 1302 1381 1234 1259 1388 1212 1254 1124 1243
1422 1254 1680 1462 1591 1314 1525 1495 1304 1213 1362 1279 1311 1518 1370 1243 1447 1257 1120 1169 1402 1559 1333 1271 1253 1439 1251 1665 1205 1441 1295 1282 1134 1742 1281 1384 1254 1467 1577 1399 1517 1391 1577 1334 1173 1486 1351 1277 1494 1365 1293 1207 1348 1304 1334 1399 1495 1261 1303 1420 1304 1438 1267 1387
1519 1277 1573 1295 1617 1322 1520 1414 1252 1299 1428 1193 1277 1474 1410 1395 1274 1162 1272 1239 1242 1493 1491 1298 1237 1418 1369 1357 1087 1362 1320 1266 1251 1526 1262 1360 1390 1374 1484 1227 1478 1284 1438 1162 1038 1294 1198 1280 1564 1386 1326 1212 1497 1260 1222 1122 1466 1073 1172 1423 1175 1390 1298 1415
1725 1353 1671 1359 1647 1315 1451 1712 1239 1379 1447 1453 1365 1314 1386 1374 1467 1256 1340 1321 1197 1554 1455 1361 1265 1547 1198 1669 1244 1305 1404 1390 1263 1549 1303 1234 1318 1424 1636 1276 1407 1621 1523 1354 1269 1392 1402 1151 1577 1675 1428 1190 1525 1371 1448 1250 1494 1295 1340 1502 1406 1499 1303 1362
1499 1161 1377 1277 1459 1152 1226 1390 1329 1289 1255 1176 1179 1109 1176 1267 1267 1141 1243 1111 1035 1395 1346 1128 1150 1262 1118 1445 1112 1338 1162 1060 1216 1467 1096 1117 1216 1268 1270 1060 1251 1277 1477 1128 1254 1268 1217 1021 1418 1367 1242 1022 1238 1109 1227 1128 1211 1142 1066 1240 1285 1408 1181 1217
1557 1332 1621 1451 1645 1384 1622 1753 1375 1291 1542 1410 1374 1532 1492 1403 1471 1317 1449 1215 1456 1473 1542 1409 1281 1411 1317 1640 1235 1447 1481 1418 1331 1888 1406 1484 1388 1483 1609 1422 1481 1500 1581 1477 1209 1453 1437 1311 1490 1625 1453 1324 1445 1402 1530 1291 1545 1285 1207 1380 1366 1455 1430 1468
1410 1091 1449 1183 1316 1047 1305 1420 1038 1040 1220 1106 1020 1164 1152 1146 1006 866 1166 1159 1153 1220 1128 1047 1037 1251 1158 1409 1065 1116 1033 1073 1173 1355 1229 1157 1157 1126 1225 1116 1234 1261 1236 984 906 1133 1216 1044 1361 1308 1004 1121 1097 1057 1100 1047 1087 1148 1046 1191 1158 1197 1010 1260
1431 1246 1459 1226 1473 1121 1330 1571 1177 1153 1332 1236 1275 1477 1306 1268 1304 1114 1147 1164 1128 1478 1210 1235 1207 1299 1313 1454 1280 1261 1266 1200 1125 1554 1269 1259 1262 1258 1529 1192 1304 1361 1468 1187 1071 1361 1144 1157 1377 1378 1300 1142 1269 1290 1300 1200 1539 1116 1239 1324 1209 1352 1188 1389
1467 1288 1427 1151 1491 1225 1562 1614 1392 1154 1362 1255 1483 1278 1310 1348 1332 1196 1312 1129 1176 1564 1463 1272 1214 1274 1143 1465 1200 1301 1316 1291 1263 1486 1134 1271 1297 1270 1409 1122 1364 1333 1490 1228 1221 1374 1322 1295 1513 1461 1388 1122 1418 1347 1391 1171 1418 1220 1209 1360 1250 1390 1205 1286
1396 1183 1493 1281 1487 1154 1280 1493 1219 1221 1405 1157 1256 1278 1280 1146 1308 1160 1120 997 1082 1342 1356 1232 1148 1299 1109 1317 1113 1277 1183 1357 1106 1529 1172 1300 1220 1258 1402 1086 1289 1370 1451 1147 1136 1217 1229 1136 1404 1418 1271 1085 1282 1246 1340 1091 1377 1160 1155 1345 1300 1334 1185 1315
1409 1280 1503 1300 1433 1178 1369 1557 1230 1300 1342 1292 1334 1367 1366 1285 1431 1189 1282 1203 1261 1466 1528 1333 1226 1351 1310 1374 1151 1318 1361 1384 1156 1552 1326 1207 1201 1301 1396 1203 1344 1317 1500 1189 1017 1347 1289 1191 1488 1474 1282 1199 1466 1289 1387 1122 1383 1216 1207 1327 1153 1339 1278 1376
1350 1161 1433 1280 1411 1132 1331 1475 1301 1200 1211 1187 1132 1293 1217 1201 1183 1086 1163 1145 1185 1401 1329 1162 1078 1344 1145 1346 1105 1197 1260 1233 1177 1471 1136 1311 1239 1261 1279 1070 1155 1275 1420 1125 1022 1198 1165 1131 1463 1378 1278 1109 1325 1233 1355 1060 1240 1097 1113 1311 1251 1251 1173 1327
1470 1239 1511 1209 1432 1163 1259 1489 1229 1105 1320 1191 1200 1222 1247 1182 1322 1054 1058 1117 1023 1379 1214 1090 1152 1273 1053 1390 1067 1180 1240 1038 1103 1378 1069 1238 1360 1222 1351 1084 1177 1266 1380 956 1017 1247 1112 1058 1341 1259 1213 1052 1349 1250 1224 1079 1274 1189 1002 1247 1054 1231 1153 1149
1307 1056 1273 1233 1286 1005 1214 1281 1047 984 1218 1002 939 1095 1184 1140 999 963 1038 981 965 1224 1077 979 938 1112 1082 1358 1051 1087 974 967 949 1302 1004 1020 1168 1056 1198 1131 1163 1109 1248 928 950 1080 1081 925 1346 1141 937 995 1082 1143 1009 1052 1150 1005 1046 1167 956 1136 939 1121
1437 1160 1334 1161 1522 1146 1308 1246 1250 1248 1185 1062 1277 1313 1262 1240 1078 1091 1204 1045 1062 1314 1431 1151 1145 1267 1139 1258 980 1233 1250 1178 1118 1326 1105 1146 1165 1257 1308 1019 1273 1153 1316 1052 1066 1075 1057 960 1455 1257 1186 1072 1247 1201 1166 1048 1208 1090 1074 1337 1250 1252 1149 1125
1604 1442 1583 1321 1619 1259 1477 1684 1242 1347 1506 1221 1282 1353 1443 1273 1403 1218 1439 1126 1287 1438 1410 1351 1306 1469 1241 1629 1079 1418 1323 1391 1250 1501 1406 1263 1392 1439 1413 1256 1470 1607 1453 1384 1184 1352 1330 1187 1503 1488 1335 1278 1398 1196 1354 1192 1359 1196 1195 1258 1378 1478 1370 1418
1448 1232 1366 1350 1568 1103 1336 1470 1173 1118 1305 1124 1206 1311 1318 1144 1216 1170 1321 971 1211 1387 1278 1223 1158 1224 1137 1425 1023 1223 1122 1121 1137 1506 1233 1258 1271 1301 1309 1257 1307 1216 1437 1134 1082 1216 1182 1093 1321 1354 1119 1143 1096 1235 1272 1053 1354 1140 1056 1250 1236 1240 1157 1127
1575 1149 1380 1259 1605 1243 1370 1508 1315 1315 1451 1214 1229 1366 1345 1267 1328 1212 1271 1110 1198 1438 1424 1188 1056 1242 1187 1427 1213 1261 1184 1200 1273 1504 1114 1256 1357 1456 1495 1287 1284 1360 1287 1289 1017 1179 1289 1162 1479 1403 1258 1139 1340 1104 1383 1349 1434 1222 1297 1449 1283 1337 1226 1280
1616 1271 1472 1352 1641 1236 1610 1640 1395 1339 1469 1273 1445 1469 1357 1437 1269 1198 1406 1247 1254 1558 1421 1281 1297 1398 1255 1613 1228 1373 1417 1302 1253 1573 1301 1249 1391 1356 1423 1318 1444 1383 1354 1324 1145 1355 1294 1277 1424 1462 1405 1128 1439 1326 1323 1241 1427 1358 1223 1415 1281 1550 1318 1368
1487 1225 1483 1289 1482 1222 1451 1584 1277 1310 1428 1163 1248 1252 1298 1328 1398 1277 1287 1003 1287 1501 1395 1245 1219 1468 1240 1426 1011 1353 1296 1319 1086 1437 1235 1266 1243 1188 1377 1182 1429 1254 1439 1136 1202 1348 1354 1138 1380 1503 1249 1007 1422 1238 1305 1160 1327 1291 1244 1115 1255 1357 1336 1364
1484 1263 1484 1366 1616 1257 1422 1423 1267 1133 1315 1275 1402 1397 1285 1250 1382 1130 1148 1093 1152 1489 1333 1223 1291 1352 1287 1597 1188 1386 1216 1243 1105 1625 1252 1299 1247 1339 1454 1275 1390 1400 1491 1160 1144 1341 1282 1126 1440 1431 1211 1062 1322 1307 1269 1138 1374 1219 1186 1373 1245 1306 1233 1323
1380 1130 1382 1237 1455 1134 1205 1449 1245 1231 1351 1086 1217 1193 1242 1208 1242 1200 1197 1030 1078 1400 1483 1255 1034 1266 1076 1378 1073 1225 1287 1189 1163 1427 1042 1306 1153 1374 1304 1098 1313 1251 1296 1090 1011 1295 1291 1243 1507 1311 1313 1117 1292 1123 1292 1235 1288 1135 1269 1318 1199 1381 1221 1284
1451 1310 1437 1351 1551 1118 1344 1566 1270 1146 1347 1229 1174 1233 1306 1327 1322 1187 1235 1009 1168 1467 1312 1223 1158 1420 1171 1422 1017 1246 1228 1190 1101 1460 1173 1186 1235 1226 1403 1122 1296 1383 1420 1247 1123 1353 1183 1146 1438 1533 1253 1169 1368 1227 1295 1074 1289 1123 1103 1267 1242 1279 1218 1131
1697 1356 1659 1399 1739 1461 1545 1618 1462 1362 1561 1320 1509 1329 1444 1483 1533 1411 1480 1285 1343 1608 1614 1524 1389 1435 1264 1678 1269 1545 1406 1356 1308 1694 1317 1424 1389 1555 1537 1337 1598 1550 1619 1427 1399 1533 1490 1279 1642 1659 1405 1217 1449 1391 1598 1335 1501 1275 1375 1556 1417 1644 1353 1455
1356 1083 1352 1286 1340 1107 1201 1343 1336 1175 1303 1187 1173 1161 1282 1176 1303 1019 1093 1000 1167 1321 1347 1066 1108 1276 1116 1385 1055 1156 1208 1066 1133 1453 1149 1093 1145 1212 1265 1213 1197 1097 1372 1141 1120 1221 1084 1065 1310 1275 1253 1068 1181 1244 1160 1065 1243 1103 1085 1196 1162 1252 1081 1207
1637 1128 1490 1328 1576 1231 1388 1592 1299 1312 1445 1198 1265 1315 1377 1265 1306 1217 1328 1200 1196 1478 1395 1234 1134 1269 1210 1544 1210 1211 1258 1303 1209 1527 1300 1264 1298 1220 1534 1123 1225 1374 1417 1201 1133 1230 1188 1264 1358 1354 1329 1024 1333 1328 1201 1100 1361 1175 1084 1374 1302 1418 1223 1277
1580 1441 1560 1461 1647 1266 1457 1736 1306 1344 1465 1334 1312 1332 1437 1424 1337 1160 1304 1179 1208 1388 1474 1246 1210 1340 1250 1727 1238 1428 1278 1417 1319 1614 1251 1377 1465 1466 1446 1234 1383 1593 1499 1292 1290 1300 1337 1095 1606 1684 1259 1311 1555 1334 1428 1191 1443 1272 1237 1512 1331 1344 1384 1424
1444 1331 1391 1501 1623 1135 1362 1515 1292 1307 1266 1278 1171 1447 1192 1317 1287 1195 1221 1120 1296 1548 1330 1354 1262 1488 1276 1505 1102 1267 1222 1261 1129 1567 1333 1228 1213 1373 1297 1222 1387 1377 1495 1201 1173 1371 1272 1309 1522 1425 1283 1096 1326 1284 1356 1185 1353 1254 1179 1265 1233 1376 1324 1259
1495 1300 1489 1270 1500 1220 1423 1473 1304 1167 1215 1117 1183 1291 1295 1251 1311 1163 1283 1134 1128 1337 1343 1125 1130 1348 1120 1542 1145 1350 1276 1133 1085 1555 1163 1140 1212 1256 1389 1147 1347 1414 1369 1179 1053 1202 1179 1132 1381 1501 1162 1078 1249 1282 1350 1185 1381 1309 1160 1272 1156 1181 1254 1197
1427 1041 1363 1193 1282 1123 1250 1433 1193 1255 1269 1205 1216 1202 1133 1088 1212 1131 1099 1045 1107 1215 1266 1015 1160 1100 1046 1443 1041 1155 1153 1117 1187 1473 1090 1156 1201 1192 1338 1084 1165 1167 1140 1039 1013 1161 1152 1107 1279 1210 1248 1053 1244 1163 1155 1261 1298 1171 1066 1246 1012 1275 1218 1261
1243 1002 1270 1231 1276 998 1169 1205 1185 1178 1029 1065 1080 1177 1055 1274 1064 1030 1092 1158 1091 1396 1241 1123 957 1235 1089 1310 1066 1152 1149 996 1018 1373 1165 1052 1057 1190 1237 969 1169 1093 1244 1026 907 1099 1208 1231 1405 1333 1098 960 1112 1111 1182 1039 1186 1022 1019 1209 1078 1267 1098 1173
1621 1331 1633 1441 1617 1270 1421 1638 1314 1440 1460 1322 1286 1467 1400 1312 1390 1303 1342 1152 1240 1475 1390 1388 1267 1371 1207 1546 1229 1366 1356 1467 1208 1676 1277 1428 1349 1457 1492 1258 1393 1404 1592 1239 1204 1325 1231 1145 1508 1465 1334 1245 1415 1404 1473 1236 1412 1355 1279 1516 1431 1514 1311 1462
1320 1236 1461 1260 1394 1136 1297 1350 1448 1169 1142 1240 1195 1210 1288 1313 1246 1120 1217 1118 1050 1451 1317 1227 1120 1390 1109 1355 1148 1323 1269 1038 1030 1494 1172 1133 1163 1157 1292 1135 1360 1280 1436 1088 1093 1218 1157 1072 1503 1338 1262 1206 1183 1180 1440 1153 1317 1165 1160 1262 1350 1244 1133 1310
