13 21 18 18 20 15 13 16 18 19 17 17 14 14 23 18 17 12 21 15 15 17 14 18 10 21 21 14 16 18 15 20 17 20 17 17 20 18 17 19 15 16 19 11 21 16 16 19 22 21 15 18 17 21 16 19 15 20 18 20 17 15 15 19
17 19 18 17 17 18 18 17 20 14 14 18 18 17 21 15 18 13 18 13 18 11 18 17 17 22 25 14 19 20 13 18 16 18 12 18 20 16 14 19 11 20 16 15 19 21 18 13 16 18 20 18 14 19 15 13 18 20 15 20 17 13 14 20
14 18 15 13 14 16 15 15 14 13 14 15 17 15 18 12 17 14 17 12 13 18 16 18 13 15 23 14 16 18 13 18 18 18 12 15 16 18 15 16 13 15 14 14 19 19 18 16 18 20 15 17 14 19 18 17 16 19 15 18 14 10 14 18
15 18 15 13 15 13 13 14 18 15 14 16 16 16 15 11 16 18 15 11 12 15 17 18 14 18 20 10 17 18 15 17 18 19 15 16 18 16 15 16 13 17 13 18 16 13 16 16 18 17 19 16 14 17 16 20 15 18 17 14 15 14 14 17
13 17 18 16 20 10 21 21 19 13 14 15 15 14 16 14 17 14 19 16 19 14 14 19 15 21 21 15 17 22 14 18 18 18 19 16 19 16 17 16 11 15 13 14 21 20 11 18 14 18 19 19 14 24 18 16 21 17 14 19 16 17 14 18
10 15 14 15 18 10 13 17 19 16 15 14 18 14 17 16 17 14 15 11 14 13 14 19 12 19 19 13 18 19 12 15 16 17 16 16 15 15 17 19 10 15 16 16 18 13 14 17 17 20 17 15 11 19 14 20 15 16 15 16 16 13 14 17
10 18 16 20 17 15 16 13 17 17 15 17 14 12 22 16 16 16 22 14 12 18 14 20 10 19 22 14 20 19 15 20 18 22 16 15 15 17 12 18 18 16 21 13 22 15 16 18 19 15 12 19 17 21 18 19 15 18 13 18 17 17 15 19
13 15 17 16 15 14 16 14 18 14 13 16 14 12 15 15 14 12 16 13 17 18 13 19 14 13 23 14 16 18 13 16 18 18 12 14 14 16 16 15 15 15 15 14 21 16 15 16 19 17 17 19 14 15 18 13 16 16 13 14 14 14 11 16
14 18 13 18 19 15 17 15 14 12 11 12 15 16 17 7 16 13 22 14 14 13 14 17 13 17 18 17 17 13 14 15 16 17 13 17 13 13 16 16 10 18 17 10 18 17 14 18 15 18 18 14 18 18 14 15 14 16 14 19 13 9 15 17
13 21 15 20 18 17 19 17 19 15 18 20 18 13 19 12 17 16 22 18 17 17 17 25 13 17 24 16 21 23 16 20 20 25 18 15 17 15 19 24 18 17 16 16 25 18 16 16 16 22 16 19 17 20 18 20 22 16 15 18 16 17 13 20
14 21 15 17 16 15 15 19 14 21 20 17 14 16 18 16 16 12 20 20 15 24 17 21 9 17 21 17 20 23 18 19 21 22 16 17 18 17 14 22 18 16 16 15 23 18 17 16 23 21 16 22 16 23 16 20 17 20 19 17 16 17 16 22
18 20 19 18 17 12 18 18 17 15 18 17 16 17 19 10 17 17 19 17 19 20 14 22 17 23 21 15 18 20 18 17 22 19 15 15 14 19 18 18 14 16 17 14 22 17 20 19 17 17 18 19 17 21 18 19 19 16 14 19 15 16 16 19
16 22 15 21 16 13 20 20 20 17 19 19 16 12 20 15 18 19 18 20 16 26 19 25 14 23 23 16 26 23 19 24 24 25 22 12 19 20 19 24 20 17 20 16 23 16 20 22 24 21 16 19 17 20 15 23 20 19 15 18 19 21 16 22
15 21 18 19 19 15 20 20 23 17 21 21 17 16 22 17 18 21 22 17 16 22 15 26 16 25 21 14 20 22 17 24 19 24 15 20 18 20 17 23 19 20 23 18 22 17 19 19 22 19 12 19 16 22 18 22 20 21 14 19 19 18 21 18
11 12 10 13 7 6 12 11 10 10 12 9 8 7 10 8 10 10 11 10 7 11 11 13 6 13 11 10 11 12 9 9 14 9 11 6 9 11 9 13 8 8 12 10 9 11 15 8 9 9 11 12 7 12 10 11 14 9 9 9 13 9 12 14
16 15 13 19 17 14 16 16 13 13 16 16 17 14 18 11 15 17 19 16 17 14 11 20 10 20 20 13 17 19 16 15 20 21 18 13 16 15 14 20 16 17 16 11 21 19 16 16 17 16 12 18 16 20 14 17 20 18 11 17 17 13 12 20
11 14 17 16 13 11 14 17 14 14 15 14 17 13 12 9 13 12 17 13 13 12 12 19 11 14 19 17 13 19 11 13 14 17 17 14 15 14 15 19 11 15 11 14 20 17 15 12 12 15 15 17 11 17 16 14 17 16 15 15 12 14 13 20
14 18 14 20 14 13 18 15 20 14 15 15 13 15 17 12 17 17 19 15 15 16 10 21 15 20 17 14 18 18 15 18 19 19 16 16 18 20 14 18 12 18 20 14 18 18 20 18 18 13 12 18 19 20 17 17 17 18 13 14 18 15 15 21
14 17 15 14 14 14 14 14 20 13 12 16 12 14 15 11 15 13 15 10 17 13 12 16 12 17 20 11 15 18 15 15 19 17 16 15 15 17 15 18 15 17 15 14 19 14 11 15 13 17 14 14 15 20 18 17 15 19 13 18 12 12 13 15
9 19 13 13 13 11 8 10 15 9 8 13 12 12 14 8 14 11 13 8 10 10 17 15 9 17 17 10 14 16 10 16 12 16 15 11 12 11 14 15 9 13 12 13 13 9 11 10 10 14 13 12 9 13 13 13 10 13 11 14 11 9 10 13
14 17 15 18 20 10 18 18 13 13 14 15 18 15 20 13 16 14 23 17 15 17 14 22 11 18 23 16 15 20 18 19 17 23 16 13 18 15 15 20 13 13 13 14 19 15 14 15 20 19 16 17 14 20 17 16 21 15 10 18 16 15 16 20
12 15 12 16 14 15 16 12 18 15 15 18 16 12 16 16 14 14 14 13 15 16 15 16 12 15 17 12 18 20 13 16 16 18 14 13 14 13 13 21 11 16 17 12 19 15 12 13 16 20 15 20 14 20 15 16 18 20 13 15 16 12 12 20
12 16 16 14 17 15 16 18 16 17 14 18 13 17 16 15 15 10 22 19 15 17 11 17 12 18 19 16 12 18 15 16 17 13 11 14 14 16 16 17 14 13 15 12 19 17 15 13 17 15 14 18 18 17 15 16 17 18 14 17 15 15 16 17
11 16 18 17 14 13 14 12 16 18 12 17 13 14 15 18 14 13 17 10 13 15 15 16 11 18 17 15 17 17 14 14 14 14 16 11 12 16 15 19 9 14 21 15 17 16 18 17 18 17 14 18 13 18 16 16 15 15 15 13 14 12 17 19
13 18 13 16 17 15 15 18 16 17 17 13 13 14 15 14 16 16 17 17 11 16 15 20 13 14 20 16 20 20 14 17 19 17 12 16 14 16 15 18 12 12 14 15 21 11 14 14 17 17 17 17 13 17 15 17 17 13 13 16 17 15 14 19
11 13 12 13 10 9 13 15 13 11 9 10 12 9 14 8 11 10 17 12 10 11 13 17 11 14 13 10 14 15 13 13 15 15 14 11 15 14 11 17 8 15 12 11 12 14 13 15 16 11 11 16 13 13 14 12 14 12 9 12 14 12 13 15
13 20 13 16 16 13 12 15 18 17 15 13 9 14 17 13 18 15 18 12 14 15 12 20 12 18 19 10 18 19 17 15 16 17 12 17 19 14 16 17 15 14 17 13 17 17 13 13 17 18 14 15 14 21 14 18 17 18 14 18 14 15 14 16
12 14 10 13 11 12 15 11 14 13 12 11 13 13 18 12 10 10 13 12 14 15 13 15 11 18 17 11 20 18 8 17 13 16 15 11 15 16 11 11 12 11 14 10 19 12 10 17 13 14 12 14 15 19 13 16 10 15 11 13 12 12 15 13
12 19 17 14 17 13 14 13 17 14 11 16 15 14 16 13 15 11 17 12 11 14 15 16 14 18 20 14 15 17 12 18 14 18 13 13 16 14 14 14 14 12 15 13 16 15 9 12 15 18 17 16 12 16 13 13 11 17 13 16 13 11 12 14
13 17 16 17 16 11 16 15 17 18 19 19 13 12 17 18 14 13 19 16 11 19 15 20 9 20 21 13 19 21 13 20 19 17 16 14 19 16 16 18 14 13 15 13 17 18 16 14 19 19 16 15 14 20 12 23 21 17 16 11 15 18 15 19
17 19 17 16 17 15 19 19 21 16 16 15 15 18 19 15 16 18 17 15 18 17 16 18 18 24 22 14 23 24 13 15 17 19 17 15 18 16 20 19 10 19 17 14 21 15 16 20 17 19 18 16 16 19 16 23 21 17 16 20 19 13 18 17
13 20 15 17 15 12 17 16 20 16 16 16 13 11 14 14 16 14 13 13 16 17 15 17 12 16 21 14 17 17 14 18 14 15 12 13 14 18 17 22 12 14 18 17 18 13 18 14 15 17 14 14 11 17 15 15 19 15 15 17 12 15 17 15
9 16 15 13 18 10 13 14 16 16 15 15 12 10 15 15 12 12 18 15 12 13 15 18 9 18 17 16 15 18 13 16 14 19 13 15 16 15 14 21 13 11 15 14 16 15 13 12 16 17 15 17 13 20 14 15 15 17 14 11 17 15 17 19
11 17 12 17 12 10 14 15 13 11 12 14 10 12 16 11 14 11 16 13 13 19 10 19 8 15 16 10 12 12 12 18 16 17 12 13 15 13 12 13 14 15 15 9 17 14 12 12 13 15 11 15 9 17 13 14 14 15 9 15 9 14 11 13
14 20 16 14 13 18 16 17 21 16 15 19 18 19 18 16 17 12 18 16 18 19 18 22 12 20 22 15 16 24 13 20 19 18 16 18 19 16 19 20 18 20 18 15 22 17 16 15 21 21 18 15 16 20 18 17 17 25 21 19 17 17 17 20
8 15 14 15 12 8 8 11 12 15 15 14 10 8 11 12 11 10 14 12 11 15 9 15 10 13 13 12 12 16 13 12 15 15 11 12 12 10 12 15 15 10 13 13 15 10 12 10 14 14 11 14 14 12 11 14 12 14 13 11 12 13 9 13
14 19 14 18 18 12 15 15 14 10 12 11 15 17 19 12 15 17 19 13 12 12 12 17 12 19 18 16 18 15 15 14 13 20 16 14 15 15 14 18 13 16 15 10 18 11 11 14 14 18 14 14 12 19 15 13 13 16 11 21 13 12 14 17
15 19 15 16 11 14 17 12 14 13 14 18 14 15 17 14 12 14 19 14 16 19 13 20 8 17 24 13 15 18 17 20 20 15 14 12 16 20 16 23 14 16 18 13 18 17 20 13 23 18 12 17 12 18 17 17 18 19 15 14 13 16 18 19
7 8 9 11 9 8 11 9 11 8 7 10 10 6 9 8 8 6 12 8 8 7 9 11 7 9 12 13 8 10 7 11 8 12 12 6 10 8 13 10 7 8 9 6 13 10 9 10 6 12 10 5 9 9 9 8 11 10 7 9 6 8 6 13
19 23 22 25 17 15 20 24 22 19 19 17 18 19 24 18 18 19 22 21 23 24 18 25 17 26 24 22 22 23 19 24 24 25 23 18 25 22 22 24 20 19 22 20 26 21 19 23 23 26 19 20 18 26 21 22 22 21 15 22 21 20 22 25
17 22 15 21 19 13 17 13 20 16 20 16 14 15 20 15 17 14 21 14 14 18 16 19 11 23 25 16 19 21 16 19 19 23 17 16 20 14 14 20 14 17 19 15 20 18 16 16 17 18 13 14 17 20 17 19 19 18 12 19 21 14 18 19
14 23 18 20 15 13 20 15 20 14 14 19 16 19 22 16 16 14 22 16 18 20 18 21 14 27 20 13 23 24 18 21 17 21 21 16 20 17 18 18 15 20 20 13 19 20 16 20 19 22 15 17 18 24 21 20 21 21 18 19 16 17 18 20
12 18 14 16 14 12 17 12 16 13 15 17 17 13 15 14 15 11 16 16 16 18 16 21 10 20 21 13 19 21 8 18 15 20 13 13 16 15 15 20 13 14 16 11 20 16 16 15 15 19 13 16 12 21 13 15 15 20 16 16 15 12 13 15
14 19 12 19 13 10 16 16 15 15 15 12 11 14 18 13 13 12 17 12 12 17 14 17 11 19 17 13 15 19 13 17 11 15 14 16 19 14 10 18 10 15 17 16 16 14 12 18 16 15 18 14 12 19 13 14 16 20 15 17 12 14 20 14
16 16 16 20 16 13 21 19 19 15 18 14 17 15 21 15 19 16 15 16 14 19 16 22 15 21 21 18 19 20 14 15 18 22 19 12 16 16 17 19 13 19 18 12 22 17 15 17 19 20 18 17 11 19 14 18 20 18 14 20 18 14 15 22
15 18 14 21 17 15 21 23 20 17 15 17 20 18 21 16 22 16 21 21 18 20 21 26 13 21 23 14 26 24 17 21 22 22 21 18 20 18 18 22 17 21 19 13 25 20 18 21 23 22 19 21 18 25 17 22 23 18 15 21 19 17 16 23
11 18 15 17 15 13 14 14 13 13 14 13 13 16 15 10 12 12 18 16 14 14 10 18 11 17 18 17 15 19 16 13 18 18 17 12 19 14 16 18 10 16 15 12 16 16 13 13 16 16 16 15 16 18 15 16 16 16 17 14 15 13 15 21
11 19 13 21 11 14 16 14 16 14 15 16 10 13 19 15 15 14 23 18 16 19 14 21 10 19 18 14 15 21 16 20 20 20 16 13 19 17 15 24 18 14 20 15 20 16 17 16 23 18 10 16 18 19 16 15 18 23 14 15 17 18 20 21
12 18 16 18 14 10 14 15 11 14 16 15 11 11 16 14 9 9 15 15 13 19 11 17 9 18 14 13 14 16 11 15 14 16 12 13 13 10 13 16 14 9 17 11 18 13 17 13 15 15 10 11 16 16 13 18 16 15 14 16 14 10 13 13
13 18 14 16 16 11 17 18 21 13 18 15 15 14 15 16 18 14 18 15 15 15 15 18 15 22 20 18 18 22 16 15 19 19 18 16 16 15 16 23 15 14 16 17 20 18 16 16 16 22 19 15 16 22 15 19 20 20 16 16 14 15 15 20
14 15 15 19 13 13 17 15 18 12 10 13 13 15 16 13 14 17 19 18 18 17 15 16 13 17 19 16 17 17 12 17 16 17 13 12 17 14 14 19 14 15 15 14 17 18 14 14 14 18 17 16 13 20 14 16 20 15 9 19 16 15 15 17
18 17 19 20 17 12 17 20 19 17 17 15 16 18 21 16 18 15 21 17 18 22 17 22 12 21 24 20 17 21 17 18 24 21 18 18 20 19 14 25 16 20 20 15 24 21 21 17 23 19 19 15 19 21 19 19 23 20 14 22 18 19 18 25
10 16 11 17 16 12 17 16 17 15 16 16 16 12 17 15 15 10 20 15 20 15 10 18 14 15 21 15 17 20 13 17 15 19 13 14 18 13 17 22 14 14 15 12 20 17 14 15 19 21 14 20 12 19 11 15 15 18 12 17 13 17 13 19
16 15 17 14 13 14 13 16 18 18 16 14 15 17 16 13 17 12 17 16 14 14 17 17 11 19 21 14 18 23 13 16 17 21 14 18 20 15 13 16 14 18 13 15 19 17 16 14 19 17 15 16 16 22 17 17 16 21 18 16 19 14 15 21
11 16 10 15 11 11 16 12 11 7 10 13 11 12 17 8 8 11 17 14 14 14 9 19 12 14 15 11 13 16 13 13 14 15 12 10 13 13 13 15 13 16 14 11 14 14 12 14 18 12 11 17 13 12 11 12 12 13 12 13 13 11 10 13
13 19 15 18 14 13 16 16 17 14 16 13 13 13 20 18 15 12 16 13 14 14 17 16 13 20 19 14 19 17 12 19 15 16 17 16 20 15 16 15 11 16 18 11 22 18 15 17 17 20 14 17 14 20 15 16 15 17 14 17 15 14 15 20
14 20 13 18 15 11 19 17 18 13 18 16 13 14 16 14 17 16 15 16 14 18 8 22 11 20 19 15 15 18 17 17 21 15 16 17 16 18 16 20 12 17 20 13 18 16 15 15 13 16 16 14 14 20 18 16 22 19 13 15 14 15 17 20
12 17 14 19 17 9 14 13 18 13 15 14 11 12 14 15 13 13 17 13 14 18 14 18 14 18 19 14 19 19 16 19 15 18 14 15 18 14 15 18 10 12 17 14 17 18 13 13 17 20 13 15 15 22 14 19 18 16 13 14 12 14 14 19
17 25 20 18 17 14 17 17 16 15 19 18 13 15 23 16 16 18 21 15 16 19 16 19 17 27 22 15 17 20 17 22 21 22 21 16 22 17 18 19 15 17 18 15 25 17 16 21 20 20 14 17 20 17 17 20 18 22 15 19 16 18 18 19
12 17 15 12 16 13 13 14 19 11 13 13 13 13 13 15 16 15 16 10 11 12 15 13 12 17 17 14 14 15 11 15 16 13 12 13 11 15 15 19 11 16 16 13 16 13 14 10 14 18 11 11 13 15 13 16 14 15 11 17 13 11 15 14
15 20 20 18 17 14 17 17 17 21 19 20 16 17 19 17 16 16 21 14 14 20 11 20 14 21 26 15 18 20 18 17 18 20 15 15 19 18 16 19 15 16 18 15 20 20 19 18 20 20 20 18 12 19 18 19 21 19 17 18 17 18 16 20
17 21 15 17 19 15 22 18 18 14 18 17 18 16 20 16 20 16 20 16 17 15 14 20 17 23 24 14 21 25 16 18 20 19 19 16 21 20 17 18 11 16 15 13 23 19 17 22 19 18 17 21 20 20 17 20 20 19 15 20 20 14 16 19
12 14 12 13 12 10 15 15 15 14 14 15 14 9 15 13 13 14 15 13 7 13 12 17 12 17 16 11 19 18 13 15 14 14 16 11 18 17 16 17 9 13 16 11 14 18 14 20 14 20 15 17 13 18 13 17 17 16 13 11 12 11 14 19
13 18 15 14 13 10 12 15 15 11 15 11 13 13 17 9 12 13 15 14 12 13 15 18 10 18 19 11 15 20 13 15 16 17 14 13 15 14 14 20 11 18 18 15 16 15 16 12 16 13 10 13 14 17 18 13 18 16 16 15 14 12 17 18
