18 20 20 20 23 22 16 18 20 20 18 17 22 19 18 18 26 21 17 22 19 16 15 19 19 22 22 18 18 17 20 21 20 15 16 17 17 19 17 21 21 22 19 19 18 20 21 21 24 21 15 21 17 17 17 16 17 21 18 23 21 17 19 18
10 14 17 18 16 14 13 15 14 16 12 14 17 16 16 19 16 14 16 16 15 10 12 9 13 14 19 18 9 15 14 13 15 20 15 12 21 15 12 15 16 14 15 20 7 18 18 17 16 10 15 15 14 14 12 16 11 17 11 15 16 15 17 12
18 21 20 22 20 24 15 21 22 15 15 21 23 24 20 20 22 23 21 24 23 18 14 17 26 19 24 21 19 22 18 22 18 21 19 23 21 23 20 22 18 25 21 21 19 21 22 20 21 24 17 22 16 21 17 20 18 25 20 20 24 19 21 20
19 16 16 18 16 17 12 13 18 15 16 16 22 13 17 16 19 16 19 19 19 13 15 15 20 18 23 15 18 20 13 13 19 17 17 18 19 17 15 19 14 20 18 18 16 16 20 19 17 19 17 17 16 14 16 15 14 20 19 16 19 13 18 13
13 18 20 19 16 18 13 16 17 17 15 14 17 13 16 15 24 20 18 17 16 14 12 13 16 15 19 16 18 17 14 16 17 14 17 16 16 14 14 15 18 18 13 19 15 19 20 14 20 16 16 18 17 17 15 15 14 17 14 16 16 13 17 15
15 11 17 16 12 12 11 11 17 13 13 13 15 10 11 17 16 19 15 18 13 11 11 10 20 12 18 14 14 15 10 15 15 10 12 15 15 11 13 14 12 12 15 10 11 14 14 15 17 15 17 13 8 19 12 8 9 15 15 11 17 11 13 10
16 11 20 23 15 21 20 19 18 17 14 21 16 17 15 23 19 20 15 23 19 15 12 9 21 15 20 15 17 17 14 20 18 15 16 15 19 16 16 19 18 17 18 20 18 18 20 15 19 17 20 17 18 19 15 16 16 20 16 16 21 14 19 15
19 16 18 23 24 24 20 19 19 19 15 19 20 19 18 21 21 21 18 22 21 15 16 16 22 13 25 16 21 22 15 19 23 20 15 23 21 17 20 19 24 23 20 21 18 19 24 21 22 19 19 19 15 17 18 17 15 22 22 19 21 16 17 17
16 19 15 14 17 13 11 15 18 14 16 17 16 16 15 18 18 17 17 17 11 14 14 11 21 15 21 18 12 16 13 14 18 17 13 15 18 17 16 19 16 19 17 18 15 14 19 19 19 23 16 15 16 17 15 12 10 18 17 17 21 17 16 17
13 20 20 19 17 20 21 19 21 18 19 20 19 20 19 20 24 23 19 23 21 19 14 13 18 15 21 16 17 18 16 19 17 19 18 17 16 19 17 18 19 18 17 20 17 17 21 16 21 17 16 15 15 18 20 17 13 19 18 20 19 13 18 18
16 17 19 19 20 19 14 16 17 16 13 19 19 15 16 19 20 24 18 22 17 15 15 17 17 16 15 17 19 19 15 16 21 16 15 18 19 14 21 15 19 19 18 20 15 15 19 19 21 16 18 17 15 15 13 17 13 17 16 17 19 17 17 18
19 20 23 22 19 19 16 19 18 18 19 16 21 20 15 19 23 23 22 23 16 16 15 15 21 15 24 15 16 19 14 16 16 19 15 20 16 17 14 19 20 17 18 21 16 20 27 20 22 19 16 18 14 20 13 13 15 18 16 17 21 18 15 18
14 11 18 14 18 16 15 11 11 15 12 10 15 12 12 16 17 16 11 14 14 7 10 8 14 14 17 10 15 16 10 17 14 13 13 13 13 13 12 18 14 16 15 14 13 14 13 11 15 14 14 11 13 12 12 10 13 15 14 16 14 12 14 13
18 18 20 22 20 20 18 20 21 15 17 16 17 16 19 15 21 19 19 19 14 15 13 16 19 14 19 14 20 15 14 19 21 12 12 21 16 15 18 15 20 19 16 15 17 20 21 18 19 21 16 13 15 16 17 12 12 18 16 15 19 13 20 18
12 17 18 15 18 16 14 15 17 15 13 14 18 16 15 15 18 21 15 16 12 12 13 10 21 16 18 15 13 18 13 15 15 11 10 16 16 18 15 16 16 18 12 12 11 15 20 16 18 17 12 17 12 16 16 12 11 17 15 12 20 16 17 16
11 11 12 15 11 11 10 11 10 13 8 13 15 10 12 11 13 11 7 11 13 9 9 11 13 10 13 7 11 13 6 9 12 9 10 11 10 11 8 11 12 12 10 11 12 10 12 11 14 12 7 12 8 11 14 12 11 13 15 13 12 7 11 10
16 21 24 24 19 25 19 26 25 17 19 22 20 19 24 21 26 23 24 24 21 21 14 19 22 19 20 15 23 18 17 21 22 19 18 21 19 18 21 17 24 20 18 25 18 22 24 19 21 19 18 16 18 21 17 17 15 24 20 18 25 19 18 23
16 19 22 24 17 21 18 22 20 20 14 18 19 18 16 21 24 24 17 19 16 15 15 14 19 18 22 13 18 18 11 16 22 17 11 16 22 19 14 17 23 19 14 19 15 16 26 19 19 19 15 16 9 19 16 18 14 20 20 19 19 16 16 15
13 17 21 17 17 19 17 16 19 17 16 16 15 16 18 19 20 19 14 17 15 14 16 12 13 18 17 14 16 16 15 18 20 14 10 12 17 18 14 16 20 20 13 22 13 11 19 15 18 16 15 13 14 14 14 15 12 17 14 18 17 18 14 18
11 11 17 14 15 12 13 12 11 14 14 12 14 14 12 14 14 12 11 11 13 13 11 9 10 12 14 14 13 12 13 13 13 11 13 13 14 16 13 8 15 19 7 14 12 12 13 16 13 11 7 12 10 11 9 13 8 11 14 14 14 12 11 14
23 23 25 25 20 22 21 21 22 22 20 26 23 22 22 26 23 25 18 24 22 20 15 18 25 17 26 20 20 21 19 21 23 19 19 20 23 16 20 23 24 22 20 25 20 25 25 23 27 26 20 20 20 24 20 19 16 22 22 22 27 19 22 19
9 12 12 15 13 14 11 13 13 10 9 14 9 13 9 15 14 13 11 12 12 12 7 9 13 10 15 11 12 13 10 11 14 12 9 16 10 13 13 8 11 15 11 12 12 9 11 13 14 14 9 12 9 10 13 10 8 12 13 11 15 10 12 14
15 20 20 19 20 23 17 18 20 21 18 19 19 17 17 18 21 20 16 18 16 17 14 14 24 17 21 16 17 21 15 19 15 14 17 18 16 17 16 23 18 21 19 19 16 18 21 16 22 20 15 17 19 21 19 12 16 17 14 17 20 16 20 20
12 10 14 14 18 18 15 17 15 13 13 17 16 12 14 16 19 21 13 18 16 13 13 10 20 12 17 13 15 20 8 18 20 12 13 17 16 15 13 18 16 19 16 17 14 15 18 14 13 15 18 14 15 15 12 15 13 19 15 17 19 12 17 13
13 12 13 15 18 18 13 15 13 14 11 17 16 16 13 17 19 18 15 14 14 13 12 11 11 10 16 13 7 15 9 13 15 15 13 13 15 13 9 13 19 16 14 14 14 13 18 12 17 13 15 13 14 12 14 13 14 13 12 17 16 9 15 10
10 14 13 9 16 15 9 16 13 11 11 15 17 16 14 18 14 18 16 17 15 12 11 7 17 10 15 16 9 19 13 15 15 18 15 14 16 15 14 16 13 17 14 14 12 18 17 15 16 16 14 12 13 15 11 11 9 17 12 14 17 14 16 12
17 17 24 20 20 22 20 22 18 21 17 20 19 22 18 24 20 22 18 20 22 16 14 14 18 16 20 15 19 21 17 24 20 19 21 18 21 18 20 24 18 24 19 26 16 17 24 20 20 18 16 15 20 17 15 17 17 20 19 21 21 17 22 18
16 18 21 22 19 21 20 17 18 18 16 18 19 14 13 20 22 22 17 19 19 12 18 13 22 18 29 17 20 22 12 17 22 16 17 20 18 17 16 20 20 19 17 20 17 17 23 22 24 19 20 19 14 15 15 16 13 16 18 19 19 15 17 13
15 15 21 16 17 16 15 19 20 16 16 20 23 17 20 18 21 19 15 21 16 16 18 13 16 17 19 18 13 15 16 21 22 14 15 16 19 21 18 17 19 22 18 20 18 17 18 21 20 17 18 18 16 19 15 18 14 22 19 22 18 17 22 19
13 17 16 19 19 18 12 17 15 18 15 19 19 15 14 21 21 20 15 20 16 15 13 11 22 12 20 19 14 21 14 13 16 19 17 17 18 21 16 16 19 17 18 18 15 16 20 17 21 18 17 18 14 17 18 13 13 19 17 13 20 18 16 17
13 16 18 15 17 19 15 20 19 17 16 12 16 16 13 17 18 19 17 18 17 16 17 15 15 16 17 12 14 20 12 18 21 15 13 17 17 14 16 15 19 18 16 20 13 16 20 17 15 18 18 15 12 16 12 12 12 18 12 18 19 13 14 15
18 16 19 18 17 18 14 15 18 15 21 16 19 14 15 16 20 19 19 21 13 15 14 13 20 15 21 19 16 14 15 16 18 12 15 21 19 18 15 14 18 18 18 18 16 20 20 18 19 17 15 18 12 17 12 13 15 17 13 15 20 13 20 18
16 16 17 17 18 19 16 19 19 13 18 21 20 13 20 17 20 21 18 20 20 17 18 17 20 19 18 16 20 18 16 19 17 15 20 15 16 13 17 18 21 20 17 17 17 17 18 20 21 15 18 18 16 19 11 13 11 16 17 19 20 15 13 17
13 15 19 20 17 16 14 19 20 12 13 20 19 17 17 19 16 19 16 21 15 15 15 13 19 13 23 21 18 15 15 15 20 15 19 20 19 18 20 15 19 20 16 21 20 16 17 20 20 17 18 18 17 17 15 17 12 16 17 17 17 16 18 16
17 18 19 19 15 18 15 17 17 17 13 18 18 14 16 15 17 20 17 19 17 13 14 14 16 17 19 13 19 18 11 15 20 17 15 16 15 16 16 16 19 20 14 19 14 17 21 19 18 17 15 17 11 17 17 16 13 17 19 20 18 13 16 17
15 15 16 17 18 16 17 15 16 17 19 16 21 18 17 21 22 18 17 20 21 16 14 12 18 14 25 19 16 20 20 16 18 19 18 17 18 17 15 19 16 21 19 20 16 19 23 21 20 19 15 16 16 14 14 16 13 20 19 19 20 14 17 12
11 8 11 13 16 13 7 9 11 10 11 8 12 12 11 10 10 9 8 11 12 6 10 11 13 12 12 9 13 11 11 11 14 10 10 13 16 12 12 15 11 13 12 12 9 9 12 12 11 12 11 12 11 8 7 8 10 13 9 11 12 12 13 13
14 16 19 17 18 20 12 17 18 14 19 16 18 16 17 18 21 20 21 20 17 14 11 14 17 15 19 15 18 15 16 15 17 16 15 17 19 18 14 17 19 17 13 21 12 15 22 17 19 15 15 16 15 13 12 14 13 18 15 12 18 15 13 16
19 18 18 18 22 21 13 17 18 15 17 20 20 17 19 17 20 18 14 21 20 15 15 19 19 19 15 14 18 17 16 17 19 17 18 18 17 17 19 19 20 19 15 20 18 18 16 19 21 21 16 19 17 16 14 16 14 17 19 21 19 15 17 18
13 12 15 18 18 14 11 17 15 12 13 20 14 15 14 17 14 16 13 16 13 11 16 13 15 14 20 14 12 13 12 11 21 17 13 16 19 15 16 14 19 16 15 20 15 11 20 19 18 14 17 17 16 12 12 14 10 14 15 16 21 17 14 14
14 14 17 16 13 14 11 16 14 13 10 12 13 15 8 15 20 16 15 15 14 11 11 9 9 14 17 11 12 14 11 14 15 14 8 13 14 13 12 12 15 14 11 16 13 12 16 13 16 15 14 13 8 11 10 12 10 12 13 14 12 12 14 10
14 10 16 14 17 18 11 14 15 10 11 15 15 15 14 14 14 15 12 15 19 13 15 14 18 13 19 14 13 17 14 18 13 17 17 17 16 12 15 15 16 17 17 17 11 15 15 17 15 16 15 13 15 13 10 15 8 14 16 17 15 13 14 8
13 14 15 14 15 10 10 17 15 13 13 15 16 15 12 17 19 19 17 16 14 16 10 8 16 10 16 12 12 18 14 12 13 15 12 14 18 11 14 12 11 16 14 15 14 18 16 15 13 17 12 10 11 15 12 14 8 17 14 13 18 13 12 10
15 16 19 17 17 17 16 16 13 14 12 16 16 16 11 20 16 18 15 15 15 14 11 9 15 14 21 16 17 16 14 17 17 14 19 17 18 14 15 15 16 19 14 17 17 16 18 17 15 17 15 14 16 11 12 21 9 15 14 17 18 12 15 13
20 15 21 23 19 20 18 19 19 20 16 23 23 19 15 23 23 18 23 22 16 18 18 15 19 19 23 18 18 18 16 17 22 18 19 21 22 19 21 15 21 22 18 22 17 20 20 24 23 19 17 18 17 18 16 18 14 19 21 21 20 12 22 16
14 10 18 21 21 18 15 14 17 13 14 18 21 15 16 20 19 20 14 21 19 12 17 13 20 16 20 14 18 18 13 16 23 14 17 18 16 17 16 19 16 19 18 18 18 17 17 22 23 14 17 18 15 17 14 13 13 15 17 17 18 16 19 15
12 10 16 10 19 18 12 15 13 15 12 17 17 19 16 16 16 16 14 16 14 12 12 11 17 13 16 15 11 15 14 18 13 15 16 16 15 14 12 17 14 18 16 16 11 18 15 13 15 13 11 14 17 14 10 16 14 18 13 18 13 11 18 13
13 17 15 15 15 17 12 15 17 15 10 15 18 15 13 13 19 16 13 14 12 15 13 14 20 13 16 13 12 16 15 17 14 13 14 16 12 11 14 17 17 16 19 14 15 15 18 16 16 18 14 13 12 20 14 12 10 16 14 17 17 15 13 16
14 16 18 22 18 18 13 19 15 12 15 20 21 17 16 21 20 17 14 20 21 13 10 13 19 15 22 16 20 15 17 15 17 19 18 17 20 18 11 16 20 18 15 21 16 19 22 19 20 16 15 20 16 15 14 15 13 19 19 17 22 16 18 17
9 13 12 16 14 14 13 12 14 13 11 11 13 14 10 13 14 11 11 12 12 14 11 10 14 11 15 13 10 14 10 13 13 14 9 17 13 14 10 11 14 16 14 13 11 12 16 15 14 12 13 12 10 11 12 11 9 8 14 14 17 11 16 12
11 12 15 11 12 9 6 15 15 11 10 14 15 15 15 12 15 15 13 17 12 11 11 9 13 11 17 15 7 15 16 13 12 15 11 12 15 12 14 10 11 14 12 16 10 16 13 13 12 14 10 15 10 15 11 15 8 18 12 14 15 12 12 11
13 17 20 16 18 21 17 19 22 17 17 14 18 18 17 17 21 21 19 21 19 17 17 13 21 15 18 14 20 20 16 18 21 16 15 21 20 17 18 18 19 21 17 23 16 16 25 16 15 19 23 16 15 18 16 15 13 22 15 16 18 17 17 16
11 17 17 15 16 14 11 17 13 13 11 14 16 11 12 16 18 18 13 12 17 12 9 12 14 15 14 12 12 18 11 14 13 14 12 12 15 10 14 13 14 13 10 13 12 16 18 17 18 16 10 12 13 13 10 11 8 14 12 12 20 13 12 13
12 15 12 15 17 17 14 16 13 14 12 14 14 11 13 15 16 14 13 17 14 11 11 10 18 14 15 10 14 18 10 14 16 14 8 15 11 14 13 15 17 15 14 16 13 14 18 13 16 15 15 14 12 14 16 9 10 17 15 12 21 14 11 15
16 14 19 21 16 15 14 17 16 17 13 16 21 13 15 17 19 19 14 21 15 14 11 12 18 17 17 17 16 14 16 15 17 12 14 15 19 14 16 17 15 18 17 16 14 17 17 19 19 17 16 18 12 15 10 17 13 17 14 13 17 13 19 17
15 15 17 19 17 20 16 22 17 14 14 22 17 16 17 19 22 20 14 21 20 15 13 12 19 19 17 16 18 15 16 21 19 16 14 16 17 17 19 15 22 22 12 21 17 16 19 19 21 17 15 18 16 16 12 15 12 18 20 17 24 17 17 19
16 16 18 17 16 20 17 18 15 13 15 20 18 13 20 17 18 20 10 20 22 12 13 13 18 18 18 14 20 16 16 20 18 16 15 14 15 14 17 20 18 20 17 21 19 13 21 18 21 18 17 15 19 13 12 16 13 18 19 18 21 17 17 20
12 10 14 13 10 12 10 15 14 10 9 12 15 8 11 12 9 14 8 16 15 12 9 8 13 8 10 10 12 12 9 14 15 9 9 11 13 8 13 10 12 14 11 11 12 13 12 13 13 14 14 12 10 13 10 7 8 15 12 11 15 8 14 11
11 13 15 20 12 16 13 15 18 12 14 19 15 16 15 21 16 16 13 17 16 14 13 12 18 15 22 13 15 18 15 14 18 18 12 16 18 15 14 15 14 15 15 22 14 14 18 19 18 15 14 15 17 14 12 16 10 14 14 15 21 13 14 12
13 18 23 18 19 15 13 16 20 17 18 16 18 17 14 19 21 21 17 21 16 13 15 13 17 13 17 13 17 16 14 17 20 16 12 15 20 16 16 17 17 16 15 22 13 13 23 18 20 19 16 17 13 20 14 15 11 20 16 16 16 19 17 18
11 14 18 16 17 18 15 19 16 12 15 17 17 15 15 19 19 16 17 18 18 15 12 7 12 11 19 15 13 13 14 18 21 18 14 15 16 21 13 15 17 19 15 19 15 15 20 18 19 14 16 15 13 13 12 16 10 19 17 17 16 14 18 15
14 15 19 19 18 18 15 17 14 16 15 17 19 16 14 18 18 19 11 22 19 11 14 9 19 18 18 14 18 15 13 16 21 17 13 15 18 18 14 15 17 18 14 21 18 18 22 20 18 17 16 19 14 17 14 17 11 21 14 15 20 17 18 21
19 16 21 21 19 19 17 13 19 17 19 19 21 17 17 23 20 22 18 23 18 15 14 12 19 15 21 17 20 17 17 17 22 16 18 16 22 19 19 19 19 19 15 19 17 17 19 21 20 19 21 16 14 20 16 16 12 20 19 18 19 19 19 17
15 20 18 19 21 19 12 20 21 13 16 22 22 18 18 17 24 24 19 23 19 16 15 15 20 13 23 17 18 20 16 17 18 19 16 20 19 19 16 20 18 20 19 22 17 16 22 15 21 18 18 19 19 15 18 17 16 21 18 20 20 17 21 17
