1 4 9 2 6 0 9 0 4 4 8 9 0 8 6 5
3 9 6 5 9 9 0 3 2 9 5 5 1 5 0 5
1 1 2 6 8 1 1 8 4 0 2 2 3 7 7 9
3 3 4 4 4 8 7 8 2 5 7 1 8 1 0 0
6 9 9 7 0 1 0 2 0 0 9 7 0 5 4 7
5 9 0 2 9 7 0 9 3 5 1 9 0 8 5 6
3 7 7 4 6 4 0 6 6 7 0 7 6 1 7 5
4 7 5 7 5 0 0 2 3 0 9 4 2 7 9 2
8 4 1 6 1 8 0 3 2 1 7 4 5 8 7 1
7 5 2 3 3 1 0 4 5 5 7 5 8 7 8 0
9 3 2 6 8 3 8 4 5 4 5 5 8 7 7 8
9 3 3 3 3 7 0 4 1 2 9 3 6 3 1 0
5 1 1 3 5 4 3 7 0 3 2 3 0 4 4 5
9 1 1 6 4 5 6 9 7 1 1 1 5 5 0 6
1 1 2 9 4 2 2 4 1 7 2 5 2 1 4 4
7 6 3 7 2 3 1 0 3 2 1 1 2 5 0 9
