5 4 9 6 1 6 4 7 8 8 4 6 0 1 0 3
4 2 8 9 6 5 7 3 9 0 5 4 6 4 4 8
8 1 8 8 6 3 1 1 8 2 2 2 8 9 3 6
1 8 6 7 1 9 1 1 3 0 5 2 5 5 8 9
6 0 6 4 2 7 9 2 3 2 0 1 5 8 5 5
8 8 9 7 5 2 6 1 1 5 7 6 9 5 4 3
6 7 0 1 0 5 0 3 7 8 5 1 4 9 5 1
1 5 3 3 6 8 1 1 9 7 2 8 0 9 9 5
7 7 5 7 0 7 8 5 9 0 1 0 5 6 2 1
1 6 4 1 5 7 3 0 4 6 1 5 8 8 8 9
3 7 7 0 5 9 3 8 1 4 7 5 0 1 0 7
4 9 8 8 7 4 1 1 8 1 0 1 2 7 7 4
4 4 7 0 3 6 0 5 2 5 0 3 7 9 5 8
8 7 7 5 8 9 0 2 8 1 9 8 2 2 5 6
4 1 4 9 0 7 5 4 6 1 5 1 3 9 0 6
4 5 2 3 3 8 5 8 6 6 3 7 1 2 4 2
