8 8 1 0 3 0 7 0 4 4 2 8 6 9 8 5
0 9 7 3 1 8 8 6 3 3 1 5 4 0 1 1
9 3 0 9 1 8 6 4 5 7 2 4 5 6 5 2
3 4 0 5 0 0 1 1 5 7 0 4 8 4 8 8
7 1 7 9 3 1 0 2 2 9 2 3 7 6 7 5
0 8 6 4 0 9 1 8 3 8 1 7 1 5 4 7
1 5 0 4 1 5 6 1 2 5 8 2 9 3 9 3
5 5 7 2 3 2 4 3 0 8 3 5 9 8 7 1
8 5 7 4 9 8 1 6 7 3 6 7 9 7 8 0
5 8 5 0 2 7 9 9 2 2 6 4 8 9 4 6
8 3 1 6 1 5 9 8 4 8 2 3 1 2 5 9
6 0 3 6 5 3 8 0 2 3 1 7 3 2 4 7
7 0 9 9 2 7 4 5 3 1 8 2 6 3 3 8
2 4 2 4 2 5 8 6 4 0 9 5 2 4 8 8
7 1 8 5 6 7 7 5 4 8 6 7 5 5 5 4
1 4 6 9 1 0 5 3 1 6 8 3 5 1 8 4
