7 9 6 6 4 4 3 9 0 7 6 6 7 9 8 6
2 0 5 2 7 9 9 9 5 7 3 7 2 6 5 7
0 9 1 1 0 9 2 3 7 5 6 3 5 5 7 5
8 9 2 7 9 1 6 9 3 6 1 8 6 0 7 3
0 4 3 9 5 4 8 4 5 6 2 6 0 9 2 0
6 0 1 5 4 3 0 1 3 2 6 4 8 9 6 0
6 8 5 4 6 9 4 6 3 5 7 5 7 7 1 4
9 4 9 9 4 4 6 1 5 8 7 1 3 2 2 2
4 5 4 2 0 1 2 4 3 0 5 6 4 1 7 8
7 7 7 9 6 6 5 2 2 6 1 0 2 2 9 5
0 8 7 7 1 6 2 3 1 5 0 6 2 4 6 9
1 4 7 8 0 1 6 6 5 3 9 7 4 3 5 4
6 2 4 2 9 1 0 8 6 9 6 9 2 1 7 5
1 0 4 0 5 5 0 4 4 1 9 4 9 6 7 0
3 0 8 8 5 8 6 9 3 7 5 6 0 1 1 2
3 0 2 3 7 4 3 3 0 9 3 9 5 2 9 4
